2.2259 -2.9383 1.5794 1 118 231 221
1.9132 -2.8778 1.48 0 118 231 221
1.854 -2.866 1.4619 0 118 231 221
1.848 -2.8648 1.4604 0 118 231 221
1.8305 -2.8613 1.4549 0 118 231 221
1.796 -2.8546 1.4445 0 118 231 221
1.7676 -2.849 1.4363 0 118 231 221
1.734 -2.8424 1.426 0 118 231 221
1.6645 -2.9319 1.4447 0 118 231 221
1.6621 -2.9449 1.4493 0 118 231 221
1.6595 -2.9576 1.4533 0 118 231 221
2.0664 -2.9056 1.5224 0 118 231 221
1.9253 -2.8802 1.4786 0 118 231 221
1.8422 -2.8638 1.4532 0 118 231 221
1.7959 -2.8545 1.4395 0 118 231 221
1.7064 -2.8372 1.4128 0 118 231 221
1.6399 -3.0563 1.4811 0 118 231 221
1.633 -3.0898 1.4923 0 118 231 221
1.8717 -2.8696 1.457 0 118 231 221
1.8422 -2.8637 1.4481 0 118 231 221
1.785 -2.853 1.4311 0 118 231 221
1.7732 -2.8501 1.4273 0 118 231 221
1.7621 -2.848 1.4245 0 118 231 221
1.7341 -2.8426 1.4161 0 118 231 221
1.6557 -2.977 1.4494 0 118 231 221
1.9679 -2.8885 1.4815 0 118 231 221
1.9436 -2.8839 1.4739 0 118 231 221
1.8953 -2.8742 1.4593 0 118 231 221
1.8481 -2.8649 1.4453 0 118 231 221
1.8365 -2.8627 1.4418 0 118 231 221
1.7118 -2.8381 1.4048 0 118 231 221
1.6622 -2.945 1.4343 0 118 231 221
1.6372 -3.0698 1.4752 0 118 231 221
1.6291 -3.1108 1.4893 0 118 231 221
1.8306 -2.8614 1.4348 0 118 231 221
1.7508 -2.8459 1.4113 0 118 231 221
1.7286 -2.8417 1.4047 0 118 231 221
1.6672 -2.9195 1.4199 0 118 231 221
2.1509 -2.9224 1.5276 0 118 231 221
1.9315 -2.8815 1.4601 0 118 231 221
1.8597 -2.8672 1.4383 0 118 231 221
1.854 -2.8661 1.4366 0 118 231 221
1.8307 -2.8617 1.4299 0 118 231 221
1.8077 -2.857 1.4245 0 118 231 221
1.7621 -2.8482 1.4096 0 118 231 221
1.6898 -2.8337 1.3882 0 118 231 221
1.6721 -2.8943 1.4063 0 118 231 221
1.6647 -2.9323 1.42 0 118 231 221
1.6371 -3.0695 1.4647 0 118 231 221
2.1312 -2.9186 1.516 0 118 231 221
2.0876 -2.9121 1.5028 0 118 231 221
1.8598 -2.8672 1.4333 0 118 231 221
1.8424 -2.8641 1.4281 0 118 231 221
1.8077 -2.857 1.4195 0 118 231 221
1.7962 -2.8548 1.4147 0 118 231 221
1.7509 -2.846 1.4015 0 118 231 221
1.723 -2.8404 1.3933 0 118 231 221
1.6898 -2.8338 1.3833 0 118 231 221
1.6584 -2.9643 1.4255 0 118 231 221
1.6453 -3.0298 1.4471 0 118 231 221
2.1642 -2.9251 1.5209 0 118 231 221
1.854 -2.8661 1.4265 0 118 231 221
1.8423 -2.8639 1.4229 0 118 231 221
1.8079 -2.8573 1.4146 0 118 231 221
1.7677 -2.8491 1.4016 0 118 231 221
1.7453 -2.8447 1.3945 0 118 231 221
1.6606 -2.951 1.4152 0 118 231 221
1.6466 -3.0231 1.4391 0 118 231 221
1.6249 -3.1316 1.4752 0 118 231 221
2.1777 -2.9278 1.5201 0 118 231 221
2.024 -2.8999 1.4731 0 118 231 221
1.8723 -2.8705 1.4272 0 118 231 221
1.8656 -2.8684 1.4252 0 118 231 221
1.7849 -2.8526 1.4012 0 118 231 221
1.6583 -2.9641 1.4154 0 118 231 221
1.6413 -3.0496 1.4431 0 118 231 221
1.6319 -3.0972 1.4587 0 118 231 221
1.6166 -3.1737 1.4839 0 118 231 221
1.6139 -3.1982 1.4925 0 118 231 221
1.5813 -3.3507 1.5434 0 118 231 221
2.0793 -2.9082 1.4838 0 118 231 221
1.779 -2.8514 1.3949 0 118 231 221
1.6899 -2.8339 1.3689 0 118 231 221
1.6784 -2.8635 1.3772 0 118 231 221
1.6658 -2.9256 1.3967 0 118 231 221
1.657 -2.9707 1.4113 0 118 231 221
1.6544 -2.9836 1.4167 0 118 231 221
2.0985 -2.912 1.4846 0 118 231 221
1.8953 -2.8743 1.4239 0 118 231 221
1.808 -2.8576 1.3998 0 118 231 221
1.6711 -2.9009 1.3855 0 118 231 221
1.6544 -2.9836 1.4117 0 118 231 221
1.6414 -3.05 1.4331 0 118 231 221
1.8776 -2.871 1.4139 0 118 231 221
1.8659 -2.8687 1.4103 0 118 231 221
1.8425 -2.8642 1.4031 0 118 231 221
1.7233 -2.841 1.3691 0 118 231 221
1.6608 -2.9513 1.3955 0 118 231 221
1.6344 -3.0832 1.4387 0 118 231 221
1.8482 -2.8651 1.4003 0 118 231 221
1.8135 -2.8583 1.3897 0 118 231 221
1.7963 -2.8551 1.385 0 118 231 221
1.7679 -2.8495 1.3771 0 118 231 221
1.6747 -2.882 1.3693 0 118 231 221
1.661 -2.9516 1.3906 0 118 231 221
1.8897 -2.8737 1.4073 0 118 231 221
1.8542 -2.8663 1.3965 0 118 231 221
1.8249 -2.8605 1.3878 0 118 231 221
1.676 -2.8759 1.3619 0 118 231 221
1.6674 -2.9199 1.3756 0 118 231 221
1.6454 -3.0298 1.4117 0 118 231 221
1.6414 -3.05 1.4178 0 118 231 221
2.1778 -2.9279 1.488 0 118 231 221
1.9927 -2.8936 1.4326 0 118 231 221
1.9622 -2.8879 1.4234 0 118 231 221
1.8251 -2.8607 1.3831 0 118 231 221
1.671 -2.9008 1.3659 0 118 231 221
1.6684 -2.9131 1.369 0 118 231 221
1.6251 -3.132 1.4391 0 118 231 221
1.5578 -3.4688 1.5503 0 118 231 221
1.8545 -2.8668 1.3867 0 118 231 221
1.8424 -2.8641 1.383 0 118 231 221
1.7905 -2.8538 1.3686 0 118 231 221
1.7792 -2.8516 1.3654 0 118 231 221
1.7678 -2.8493 1.3623 0 118 231 221
1.6724 -2.8948 1.3575 0 118 231 221
1.6686 -2.9135 1.3644 0 118 231 221
1.6598 -2.9582 1.3787 0 118 231 221
1.6492 -3.0099 1.395 0 118 231 221
1.5875 -3.3205 1.4953 0 118 231 221
1.8194 -2.8596 1.3718 0 118 231 221
1.8079 -2.8573 1.37 0 118 231 221
1.7567 -2.8472 1.3551 0 118 231 221
1.7398 -2.8439 1.3494 0 118 231 221
1.7286 -2.8416 1.3459 0 118 231 221
1.6636 -2.939 1.3665 0 118 231 221
1.8955 -2.8746 1.3886 0 118 231 221
1.8249 -2.8606 1.3681 0 118 231 221
1.7345 -2.8434 1.343 0 118 231 221
1.662 -2.9447 1.3644 0 118 231 221
1.661 -2.9516 1.366 0 118 231 221
1.6412 -3.0496 1.3974 0 118 231 221
2.2252 -2.9374 1.4814 0 118 231 221
1.8544 -2.8666 1.3718 0 118 231 221
1.8251 -2.8608 1.3633 0 118 231 221
1.6699 -2.9074 1.347 0 118 231 221
1.6429 -3.0432 1.3906 0 118 231 221
1.6402 -3.0568 1.3947 0 118 231 221
1.825 -2.8607 1.3583 0 118 231 221
1.7792 -2.8517 1.3458 0 118 231 221
1.6687 -2.9136 1.3449 0 118 231 221
1.6674 -2.9198 1.346 0 118 231 221
1.6546 -2.9839 1.3669 0 118 231 221
1.6507 -3.0036 1.3727 0 118 231 221
1.6465 -3.0229 1.3786 0 118 231 221
1.6361 -3.077 1.3962 0 118 231 221
2.2252 -2.9374 1.4706 0 118 231 221
2.1314 -2.9189 1.442 0 118 231 221
1.8486 -2.8658 1.3606 0 118 231 221
1.808 -2.8574 1.3503 0 118 231 221
1.671 -2.9008 1.3366 0 118 231 221
2.205 -2.9335 1.4589 0 118 231 221
2.1245 -2.9171 1.4345 0 118 231 221
1.8251 -2.8608 1.3484 0 118 231 221
1.8023 -2.8566 1.3423 0 118 231 221
1.7343 -2.8429 1.3234 0 118 231 221
1.675 -2.8825 1.3257 0 118 231 221
1.6698 -2.9072 1.3324 0 118 231 221
1.661 -2.9516 1.3462 0 118 231 221
2.0989 -2.9125 1.422 0 118 231 221
1.8251 -2.8608 1.3435 0 118 231 221
1.757 -2.8477 1.3262 0 118 231 221
1.6713 -2.9012 1.3271 0 118 231 221
1.6534 -2.9906 1.3538 0 118 231 221
1.6506 -3.0034 1.3576 0 118 231 221
1.6414 -3.0499 1.3724 0 118 231 221
1.6402 -3.0568 1.3744 0 118 231 221
1.598 -3.2683 1.441 0 118 231 221
1.8778 -2.8713 1.354 0 118 231 221
1.8021 -2.8563 1.3323 0 118 231 221
1.7511 -2.8464 1.3186 0 118 231 221
1.7122 -2.8387 1.3079 0 118 231 221
1.6712 -2.9011 1.3221 0 118 231 221
1.6663 -2.9263 1.3282 0 118 231 221
1.6429 -3.0433 1.3655 0 118 231 221
2.2252 -2.9374 1.4492 0 118 231 221
2.178 -2.9283 1.4351 0 118 231 221
2.1185 -2.9164 1.4172 0 118 231 221
1.9318 -2.882 1.3639 0 118 231 221
1.9018 -2.8763 1.3554 0 118 231 221
1.8602 -2.868 1.3437 0 118 231 221
1.8483 -2.8654 1.3406 0 118 231 221
1.8251 -2.8609 1.3337 0 118 231 221
1.7793 -2.8518 1.3214 0 118 231 221
1.7737 -2.8508 1.3194 0 118 231 221
1.751 -2.8462 1.3136 0 118 231 221
1.7401 -2.8445 1.3109 0 118 231 221
1.6688 -2.9138 1.3205 0 118 231 221
1.6469 -3.0236 1.3539 0 118 231 221
2.125 -2.9178 1.4139 0 118 231 221
1.8604 -2.8682 1.3387 0 118 231 221
1.8251 -2.8609 1.3287 0 118 231 221
1.8082 -2.8579 1.3259 0 118 231 221
1.7742 -2.8516 1.3149 0 118 231 221
1.7288 -2.842 1.3027 0 118 231 221
1.6624 -2.9455 1.3256 0 118 231 221
1.6468 -3.0234 1.3488 0 118 231 221
2.2254 -2.9377 1.4387 0 118 231 221
2.1984 -2.9323 1.4302 0 118 231 221
2.0863 -2.9103 1.3973 0 118 231 221
1.831 -2.8621 1.3258 0 118 231 221
1.7795 -2.8521 1.3118 0 118 231 221
1.7681 -2.8498 1.3088 0 118 231 221
1.7624 -2.8487 1.307 0 118 231 221
1.7512 -2.8464 1.304 0 118 231 221
1.6763 -2.8765 1.2993 0 118 231 221
1.6638 -2.9392 1.3175 0 118 231 221
1.6386 -3.0632 1.3562 0 118 231 221
2.1716 -2.9271 1.4174 0 118 231 221
2.1119 -2.9152 1.3999 0 118 231 221
1.926 -2.8811 1.3472 0 118 231 221
1.9196 -2.8796 1.3456 0 118 231 221
1.8956 -2.8748 1.3388 0 118 231 221
1.8898 -2.8738 1.3372 0 118 231 221
1.8367 -2.8632 1.3226 0 118 231 221
1.8253 -2.8611 1.319 0 118 231 221
1.656 -2.9777 1.3252 0 118 231 221
1.6496 -3.0106 1.3354 0 118 231 221
1.6428 -3.0432 1.3454 0 118 231 221
1.6308 -3.1045 1.3639 0 118 231 221
1.6292 -3.1111 1.3662 0 118 231 221
2.1186 -2.9166 1.3965 0 118 231 221
2.1118 -2.9151 1.3948 0 118 231 221
1.8484 -2.8655 1.3209 0 118 231 221
1.8371 -2.8638 1.318 0 118 231 221
1.8196 -2.8599 1.3128 0 118 231 221
1.8139 -2.8589 1.3113 0 118 231 221
1.8081 -2.8577 1.3111 0 118 231 221
1.8023 -2.8566 1.308 0 118 231 221
1.7968 -2.8558 1.3069 0 118 231 221
1.7681 -2.8499 1.2991 0 118 231 221
1.757 -2.8477 1.2971 0 118 231 221
1.7233 -2.841 1.2869 0 118 231 221
1.6469 -3.0236 1.334 0 118 231 221
1.6335 -3.0909 1.3547 0 118 231 221
1.6097 -3.2099 1.3914 0 118 231 221
2.1715 -2.927 1.4069 0 118 231 221
2.1644 -2.9254 1.4044 0 118 231 221
2.018 -2.8991 1.3631 0 118 231 221
1.9379 -2.8832 1.3407 0 118 231 221
1.9197 -2.8796 1.3356 0 118 231 221
1.9077 -2.8774 1.3322 0 118 231 221
1.8661 -2.8691 1.3209 0 118 231 221
1.8545 -2.8668 1.3174 0 118 231 221
1.8427 -2.8644 1.3141 0 118 231 221
1.8369 -2.8634 1.3129 0 118 231 221
1.8311 -2.8622 1.3113 0 118 231 221
1.797 -2.8561 1.3021 0 118 231 221
1.7907 -2.8542 1.3002 0 118 231 221
1.7854 -2.8534 1.2985 0 118 231 221
1.7793 -2.8519 1.2971 0 118 231 221
1.7736 -2.8508 1.2951 0 118 231 221
1.7684 -2.8503 1.2946 0 118 231 221
1.7288 -2.842 1.2834 0 118 231 221
1.6535 -2.9908 1.3194 0 118 231 221
1.6362 -3.0771 1.3457 0 118 231 221
1.5892 -3.3133 1.4183 0 118 231 221
2.1913 -2.9305 1.4073 0 118 231 221
2.1777 -2.9279 1.4032 0 118 231 221
2.1712 -2.9267 1.4015 0 118 231 221
2.158 -2.9244 1.3977 0 118 231 221
2.1186 -2.9166 1.3861 0 118 231 221
1.9624 -2.8881 1.3425 0 118 231 221
1.8957 -2.8749 1.3239 0 118 231 221
1.8664 -2.8695 1.316 0 118 231 221
1.8603 -2.8681 1.3141 0 118 231 221
1.8431 -2.865 1.3094 0 118 231 221
1.8312 -2.8624 1.3063 0 118 231 221
1.8254 -2.8613 1.3044 0 118 231 221
1.8081 -2.8576 1.3015 0 118 231 221
1.7399 -2.8442 1.2818 0 118 231 221
1.7288 -2.842 1.2786 0 118 231 221
1.6957 -2.8355 1.2698 0 118 231 221
1.6813 -2.8519 1.2724 0 118 231 221
1.647 -3.0238 1.3241 0 118 231 221
1.6443 -3.0368 1.3279 0 118 231 221
2.1985 -2.9325 1.4038 0 118 231 221
2.1782 -2.9285 1.3981 0 118 231 221
2.1512 -2.9229 1.3902 0 118 231 221
2.1187 -2.9167 1.3808 0 118 231 221
2.0735 -2.9079 1.368 0 118 231 221
1.9685 -2.8893 1.3389 0 118 231 221
1.9319 -2.8821 1.3289 0 118 231 221
1.8843 -2.8731 1.3157 0 118 231 221
1.8604 -2.8682 1.3091 0 118 231 221
1.8545 -2.8668 1.3076 0 118 231 221
1.8488 -2.866 1.3065 0 118 231 221
1.8315 -2.863 1.3017 0 118 231 221
1.7907 -2.8542 1.2905 0 118 231 221
1.7346 -2.8434 1.2754 0 118 231 221
1.7123 -2.839 1.2698 0 118 231 221
1.648 -3.0166 1.3172 0 118 231 221
1.6469 -3.0235 1.319 0 118 231 221
1.6155 -3.1816 1.367 0 118 231 221
2.1916 -2.931 1.397 0 118 231 221
2.0478 -2.9026 1.3557 0 118 231 221
1.9441 -2.8846 1.3272 0 118 231 221
1.9139 -2.8788 1.3188 0 118 231 221
1.8664 -2.8696 1.3061 0 118 231 221
1.8488 -2.8661 1.3016 0 118 231 221
1.8372 -2.8638 1.2984 0 118 231 221
1.8312 -2.8624 1.2965 0 118 231 221
1.8199 -2.8604 1.2935 0 118 231 221
1.8024 -2.8568 1.2886 0 118 231 221
1.7739 -2.8512 1.2809 0 118 231 221
1.74 -2.8443 1.2722 0 118 231 221
1.6663 -2.9264 1.2844 0 118 231 221
1.6574 -2.9714 1.2978 0 118 231 221
1.6431 -3.0437 1.3207 0 118 231 221
2.1984 -2.9324 1.3932 0 118 231 221
1.95 -2.8857 1.324 0 118 231 221
1.9137 -2.8785 1.3138 0 118 231 221
1.8898 -2.8738 1.3074 0 118 231 221
1.8841 -2.8729 1.3057 0 118 231 221
1.8725 -2.8708 1.3026 0 118 231 221
1.8605 -2.8684 1.2995 0 118 231 221
1.843 -2.8648 1.2946 0 118 231 221
1.8372 -2.8639 1.2935 0 118 231 221
1.8315 -2.8629 1.292 0 118 231 221
1.7965 -2.8555 1.2824 0 118 231 221
1.791 -2.8546 1.281 0 118 231 221
1.7853 -2.8533 1.2791 0 118 231 221
1.7739 -2.8512 1.276 0 118 231 221
1.7514 -2.8466 1.2705 0 118 231 221
1.7457 -2.8454 1.2686 0 118 231 221
1.6574 -2.9714 1.2928 0 118 231 221
1.656 -2.9777 1.2957 0 118 231 221
1.6521 -2.9972 1.3019 0 118 231 221
1.6509 -3.004 1.3035 0 118 231 221
1.635 -3.0843 1.3277 0 118 231 221
1.6336 -3.0911 1.3295 0 118 231 221
2.1646 -2.9256 1.3783 0 118 231 221
2.1382 -2.9205 1.371 0 118 231 221
2.1318 -2.9194 1.369 0 118 231 221
1.9017 -2.8762 1.3056 0 118 231 221
1.8664 -2.8696 1.2963 0 118 231 221
1.8429 -2.8647 1.2896 0 118 231 221
1.8082 -2.8579 1.282 0 118 231 221
1.8024 -2.8568 1.2789 0 118 231 221
1.7966 -2.8555 1.2775 0 118 231 221
1.7908 -2.8543 1.276 0 118 231 221
1.7738 -2.851 1.2712 0 118 231 221
1.7573 -2.8481 1.2684 0 118 231 221
1.7515 -2.8468 1.2658 0 118 231 221
1.7344 -2.8432 1.261 0 118 231 221
1.7123 -2.839 1.2555 0 118 231 221
1.6738 -2.8889 1.2642 0 118 231 221
1.6403 -3.057 1.3144 0 118 231 221
1.6307 -3.1042 1.3284 0 118 231 221
1.5892 -3.3134 1.3919 0 118 231 221
2.2255 -2.9378 1.3909 0 118 231 221
2.2119 -2.9352 1.3867 0 118 231 221
2.1849 -2.9299 1.3788 0 118 231 221
2.1716 -2.9272 1.3754 0 118 231 221
2.1516 -2.9234 1.3696 0 118 231 221
1.8901 -2.8743 1.2978 0 118 231 221
1.8722 -2.8704 1.2926 0 118 231 221
1.8663 -2.8694 1.2914 0 118 231 221
1.8545 -2.8669 1.288 0 118 231 221
1.8431 -2.8649 1.2849 0 118 231 221
1.8254 -2.8612 1.28 0 118 231 221
1.8201 -2.8607 1.2791 0 118 231 221
1.814 -2.859 1.2771 0 118 231 221
1.7741 -2.8514 1.2664 0 118 231 221
1.7682 -2.85 1.2655 0 118 231 221
1.6688 -2.9139 1.2673 0 118 231 221
1.6363 -3.0773 1.3157 0 118 231 221
1.6336 -3.091 1.3194 0 118 231 221
1.6308 -3.1045 1.3234 0 118 231 221
2.2115 -2.9346 1.3811 0 118 231 221
2.2054 -2.934 1.3798 0 118 231 221
2.1918 -2.9313 1.3761 0 118 231 221
2.1718 -2.9274 1.3704 0 118 231 221
1.9442 -2.8847 1.3072 0 118 231 221
1.926 -2.8811 1.3023 0 118 231 221
1.9138 -2.8787 1.2989 0 118 231 221
1.8959 -2.8752 1.2943 0 118 231 221
1.8782 -2.8718 1.29 0 118 231 221
1.8604 -2.8683 1.2847 0 118 231 221
1.8486 -2.8658 1.2819 0 118 231 221
1.8373 -2.864 1.2789 0 118 231 221
1.8314 -2.8627 1.2772 0 118 231 221
1.8139 -2.8589 1.2723 0 118 231 221
1.8025 -2.8567 1.2692 0 118 231 221
1.7914 -2.8552 1.2667 0 118 231 221
1.7738 -2.8511 1.2616 0 118 231 221
1.7017 -2.8374 1.2433 0 118 231 221
1.6752 -2.8829 1.2537 0 118 231 221
1.6483 -3.0171 1.2927 0 118 231 221
1.6323 -3.0981 1.3167 0 118 231 221
1.6226 -3.1465 1.331 0 118 231 221
2.2249 -2.937 1.38 0 118 231 221
2.2188 -2.9367 1.3785 0 118 231 221
2.1985 -2.9326 1.3723 0 118 231 221
2.1848 -2.9297 1.3682 0 118 231 221
2.1649 -2.926 1.3628 0 118 231 221
2.1582 -2.9247 1.3615 0 118 231 221
2.145 -2.9221 1.3577 0 118 231 221
2.0735 -2.9079 1.3372 0 118 231 221
1.9137 -2.8786 1.294 0 118 231 221
1.8662 -2.8693 1.2816 0 118 231 221
1.8486 -2.8658 1.277 0 118 231 221
1.843 -2.8647 1.275 0 118 231 221
1.8257 -2.8617 1.2705 0 118 231 221
1.8141 -2.8592 1.2676 0 118 231 221
1.7969 -2.856 1.2633 0 118 231 221
1.7853 -2.8533 1.2597 0 118 231 221
1.6496 -3.0106 1.286 0 118 231 221
1.6479 -3.0165 1.2875 0 118 231 221
1.6363 -3.0774 1.3058 0 118 231 221
1.635 -3.0843 1.3077 0 118 231 221
1.628 -3.1184 1.3176 0 118 231 221
1.6213 -3.1533 1.3277 0 118 231 221
1.6156 -3.1817 1.3365 0 118 231 221
1.6128 -3.196 1.3408 0 118 231 221
2.2117 -2.9349 1.3707 0 118 231 221
2.1914 -2.9307 1.3653 0 118 231 221
2.1849 -2.9299 1.3631 0 118 231 221
2.1649 -2.926 1.3576 0 118 231 221
2.1253 -2.9183 1.3466 0 118 231 221
2.0864 -2.9106 1.3357 0 118 231 221
1.9564 -2.8873 1.3009 0 118 231 221
1.9139 -2.8789 1.2891 0 118 231 221
1.9079 -2.8776 1.2877 0 118 231 221
1.89 -2.8741 1.2829 0 118 231 221
1.8783 -2.872 1.2802 0 118 231 221
1.8723 -2.8706 1.2781 0 118 231 221
1.8667 -2.87 1.277 0 118 231 221
1.8489 -2.8663 1.2723 0 118 231 221
1.8429 -2.8647 1.27 0 118 231 221
1.8314 -2.8628 1.2675 0 118 231 221
1.8255 -2.8614 1.2655 0 118 231 221
1.8198 -2.8602 1.2642 0 118 231 221
1.8141 -2.8592 1.2627 0 118 231 221
1.757 -2.8478 1.2491 0 118 231 221
1.7403 -2.8449 1.2438 0 118 231 221
1.729 -2.8423 1.2405 0 118 231 221
1.669 -2.9142 1.253 0 118 231 221
1.6537 -2.9911 1.2753 0 118 231 221
1.6321 -3.0977 1.3065 0 118 231 221
1.6296 -3.1118 1.3109 0 118 231 221
1.6227 -3.1465 1.3209 0 118 231 221
1.6128 -3.1962 1.3357 0 118 231 221
2.2184 -2.9362 1.3677 0 118 231 221
2.1781 -2.9285 1.3563 0 118 231 221
1.9562 -2.8871 1.2958 0 118 231 221
1.9138 -2.8787 1.2842 0 118 231 221
1.9082 -2.878 1.2829 0 118 231 221
1.8904 -2.8747 1.2782 0 118 231 221
1.8781 -2.8717 1.2751 0 118 231 221
1.8663 -2.8694 1.2718 0 118 231 221
1.8547 -2.8671 1.2685 0 118 231 221
1.8432 -2.865 1.2654 0 118 231 221
1.8373 -2.8641 1.2643 0 118 231 221
1.8312 -2.8624 1.2624 0 118 231 221
1.8255 -2.8615 1.2607 0 118 231 221
1.8202 -2.8608 1.2597 0 118 231 221
1.8025 -2.8568 1.2549 0 118 231 221
1.7796 -2.8524 1.2491 0 118 231 221
1.7515 -2.8468 1.2418 0 118 231 221
1.7068 -2.8379 1.23 0 118 231 221
1.6677 -2.9205 1.2494 0 118 231 221
1.6521 -2.9971 1.2724 0 118 231 221
2.2256 -2.938 1.3647 0 118 231 221
2.2186 -2.9363 1.3626 0 118 231 221
2.2118 -2.935 1.3603 0 118 231 221
2.2054 -2.9341 1.3588 0 118 231 221
2.1718 -2.9275 1.3496 0 118 231 221
1.9323 -2.8826 1.2845 0 118 231 221
1.9198 -2.8799 1.2811 0 118 231 221
1.9078 -2.8776 1.2778 0 118 231 221
1.9021 -2.8767 1.2763 0 118 231 221
1.8782 -2.8719 1.2704 0 118 231 221
1.8605 -2.8684 1.2652 0 118 231 221
1.8489 -2.8662 1.2625 0 118 231 221
1.8374 -2.8642 1.2595 0 118 231 221
1.8199 -2.8604 1.2546 0 118 231 221
1.8141 -2.8592 1.2531 0 118 231 221
1.8085 -2.8584 1.2533 0 118 231 221
1.7743 -2.8519 1.2427 0 118 231 221
1.7629 -2.8494 1.2399 0 118 231 221
1.7516 -2.8469 1.2371 0 118 231 221
1.7346 -2.8434 1.2325 0 118 231 221
1.7291 -2.8424 1.2311 0 118 231 221
1.7236 -2.8414 1.2298 0 118 231 221
1.6713 -2.9013 1.2402 0 118 231 221
1.6664 -2.9265 1.246 0 118 231 221
1.651 -3.0042 1.2692 0 118 231 221
1.5966 -3.2759 1.349 0 118 231 221
1.5468 -3.5392 1.4293 0 118 231 221
2.1718 -2.9275 1.3444 0 118 231 221
2.1583 -2.9247 1.3407 0 118 231 221
2.1058 -2.9144 1.3257 0 118 231 221
2.0418 -2.9019 1.3081 0 118 231 221
1.9322 -2.8825 1.2795 0 118 231 221
1.9199 -2.8801 1.2762 0 118 231 221
1.9082 -2.8781 1.2731 0 118 231 221
1.8961 -2.8755 1.2698 0 118 231 221
1.8902 -2.8744 1.2684 0 118 231 221
1.8488 -2.866 1.2576 0 118 231 221
1.8371 -2.8637 1.2546 0 118 231 221
1.791 -2.8546 1.2425 0 118 231 221
1.774 -2.8514 1.2376 0 118 231 221
1.7684 -2.8503 1.2368 0 118 231 221
1.7627 -2.8492 1.2352 0 118 231 221
1.746 -2.8459 1.2305 0 118 231 221
1.7123 -2.839 1.2223 0 118 231 221
1.7014 -2.837 1.2194 0 118 231 221
1.6563 -2.9783 1.2569 0 118 231 221
1.6536 -2.991 1.2606 0 118 231 221
1.6471 -3.024 1.27 0 118 231 221
1.6415 -3.0502 1.2777 0 118 231 221
1.6071 -3.225 1.3286 0 118 231 221
2.2257 -2.9381 1.3543 0 118 231 221
2.192 -2.9315 1.3448 0 118 231 221
2.1718 -2.9275 1.3392 0 118 231 221
2.0802 -2.9095 1.3136 0 118 231 221
1.8547 -2.8671 1.2539 0 118 231 221
1.8488 -2.8661 1.2528 0 118 231 221
1.8374 -2.8642 1.2498 0 118 231 221
1.8312 -2.8625 1.248 0 118 231 221
1.8143 -2.8596 1.2436 0 118 231 221
1.803 -2.8575 1.2407 0 118 231 221
1.7968 -2.8559 1.2392 0 118 231 221
1.7797 -2.8525 1.2348 0 118 231 221
1.7741 -2.8515 1.233 0 118 231 221
1.7684 -2.8503 1.2321 0 118 231 221
1.763 -2.8497 1.2305 0 118 231 221
1.7123 -2.839 1.2176 0 118 231 221
1.6639 -2.9395 1.2401 0 118 231 221
1.655 -2.9846 1.2541 0 118 231 221
1.6536 -2.991 1.2557 0 118 231 221
1.6403 -3.0572 1.2747 0 118 231 221
2.2253 -2.9376 1.3488 0 118 231 221
2.2186 -2.9364 1.3469 0 118 231 221
2.2119 -2.9351 1.3446 0 118 231 221
2.165 -2.9261 1.3317 0 118 231 221
2.1254 -2.9184 1.3208 0 118 231 221
2.1122 -2.9156 1.3175 0 118 231 221
1.9689 -2.8899 1.2791 0 118 231 221
1.855 -2.8676 1.2494 0 118 231 221
1.849 -2.8665 1.2481 0 118 231 221
1.8373 -2.864 1.2449 0 118 231 221
1.8313 -2.8626 1.2431 0 118 231 221
1.8258 -2.8619 1.2416 0 118 231 221
1.8203 -2.861 1.2405 0 118 231 221
1.8141 -2.8592 1.2386 0 118 231 221
1.8086 -2.8586 1.2389 0 118 231 221
1.8028 -2.8572 1.2357 0 118 231 221
1.7967 -2.8558 1.2342 0 118 231 221
1.7913 -2.8552 1.2331 0 118 231 221
1.7798 -2.8527 1.23 0 118 231 221
1.7739 -2.8512 1.2279 0 118 231 221
1.7574 -2.8483 1.2254 0 118 231 221
1.7516 -2.847 1.2228 0 118 231 221
1.7237 -2.8416 1.2157 0 118 231 221
1.6905 -2.835 1.207 0 118 231 221
1.674 -2.8893 1.2215 0 118 231 221
1.6351 -3.0845 1.2778 0 118 231 221
1.6283 -3.1188 1.2875 0 118 231 221
1.62 -3.1605 1.3 0 118 231 221
2.1919 -2.9314 1.3343 0 118 231 221
2.1584 -2.9247 1.3251 0 118 231 221
1.9021 -2.8767 1.2567 0 118 231 221
1.8663 -2.8695 1.2474 0 118 231 221
1.8606 -2.8686 1.2458 0 118 231 221
1.8549 -2.8674 1.2443 0 118 231 221
1.8143 -2.8596 1.2339 0 118 231 221
1.8083 -2.858 1.2338 0 118 231 221
1.7968 -2.8559 1.2296 0 118 231 221
1.7911 -2.8548 1.2281 0 118 231 221
1.7858 -2.854 1.2264 0 118 231 221
1.774 -2.8514 1.2234 0 118 231 221
1.7684 -2.8503 1.2225 0 118 231 221
1.7575 -2.8485 1.2207 0 118 231 221
1.7402 -2.8446 1.2151 0 118 231 221
1.6702 -2.9076 1.2216 0 118 231 221
1.6587 -2.965 1.2389 0 118 231 221
1.6042 -3.2395 1.3172 0 118 231 221
1.5938 -3.2912 1.3326 0 118 231 221
2.2257 -2.9382 1.3386 0 118 231 221
2.2186 -2.9364 1.3363 0 118 231 221
2.1782 -2.9285 1.3251 0 118 231 221
2.1651 -2.9263 1.3214 0 118 231 221
1.92 -2.8802 1.2567 0 118 231 221
1.8902 -2.8745 1.2488 0 118 231 221
1.8843 -2.8732 1.247 0 118 231 221
1.8782 -2.8718 1.2459 0 118 231 221
1.8665 -2.8697 1.2427 0 118 231 221
1.849 -2.8664 1.2383 0 118 231 221
1.8434 -2.8655 1.2365 0 118 231 221
1.8372 -2.8638 1.2352 0 118 231 221
1.8145 -2.8598 1.2292 0 118 231 221
1.8084 -2.8582 1.2291 0 118 231 221
1.8026 -2.8569 1.226 0 118 231 221
1.7969 -2.856 1.2247 0 118 231 221
1.7858 -2.854 1.2218 0 118 231 221
1.7797 -2.8525 1.2204 0 118 231 221
1.7741 -2.8516 1.2187 0 118 231 221
1.7627 -2.8491 1.216 0 118 231 221
1.7574 -2.8484 1.2159 0 118 231 221
1.7459 -2.8457 1.2115 0 118 231 221
1.7402 -2.8447 1.2104 0 118 231 221
1.7182 -2.8407 1.2058 0 118 231 221
1.7014 -2.837 1.2006 0 118 231 221
1.6727 -2.8954 1.2132 0 118 231 221
1.6615 -2.9525 1.2297 0 118 231 221
1.6589 -2.9654 1.2342 0 118 231 221
1.6459 -3.031 1.253 0 118 231 221
1.6283 -3.119 1.2777 0 118 231 221
1.9749 -2.8911 1.2661 0 118 231 221
1.9443 -2.8849 1.2578 0 118 231 221
1.9324 -2.8828 1.2548 0 118 231 221
1.9146 -2.8798 1.2502 0 118 231 221
1.8842 -2.873 1.2421 0 118 231 221
1.8784 -2.8722 1.2412 0 118 231 221
1.8664 -2.8695 1.2377 0 118 231 221
1.8608 -2.8688 1.2362 0 118 231 221
1.8434 -2.8654 1.2316 0 118 231 221
1.8315 -2.8629 1.2289 0 118 231 221
1.8259 -2.8621 1.2271 0 118 231 221
1.8198 -2.8603 1.2257 0 118 231 221
1.8143 -2.8595 1.2243 0 118 231 221
1.809 -2.8592 1.2246 0 118 231 221
1.8027 -2.8571 1.2213 0 118 231 221
1.7971 -2.8563 1.2202 0 118 231 221
1.7911 -2.8547 1.2186 0 118 231 221
1.7855 -2.8537 1.2167 0 118 231 221
1.7742 -2.8516 1.2139 0 118 231 221
1.7576 -2.8487 1.2114 0 118 231 221
1.6702 -2.9076 1.2121 0 118 231 221
1.6364 -3.0777 1.2612 0 118 231 221
1.6352 -3.0846 1.263 0 118 231 221
1.6338 -3.0914 1.2648 0 118 231 221
1.6297 -3.1121 1.2711 0 118 231 221
1.6213 -3.1535 1.2822 0 118 231 221
1.6182 -3.1671 1.2861 0 118 231 221
1.6115 -3.2035 1.2968 0 118 231 221
2.192 -2.9316 1.3188 0 118 231 221
2.1852 -2.9302 1.3165 0 118 231 221
2.1255 -2.9185 1.3003 0 118 231 221
1.9748 -2.8909 1.2611 0 118 231 221
1.9566 -2.8876 1.2564 0 118 231 221
1.9201 -2.8803 1.2469 0 118 231 221
1.908 -2.8779 1.2436 0 118 231 221
1.8902 -2.8745 1.2391 0 118 231 221
1.8665 -2.8697 1.2329 0 118 231 221
1.8606 -2.8685 1.2312 0 118 231 221
1.8488 -2.8661 1.2285 0 118 231 221
1.8434 -2.8655 1.2268 0 118 231 221
1.8372 -2.8639 1.2256 0 118 231 221
1.8313 -2.8626 1.2238 0 118 231 221
1.8255 -2.8615 1.2221 0 118 231 221
1.8142 -2.8593 1.2194 0 118 231 221
1.8027 -2.8571 1.2165 0 118 231 221
1.7855 -2.8537 1.212 0 118 231 221
1.774 -2.8514 1.209 0 118 231 221
1.7627 -2.8491 1.2065 0 118 231 221
1.7572 -2.848 1.2062 0 118 231 221
1.7236 -2.8416 1.1968 0 118 231 221
1.6716 -2.9018 1.2071 0 118 231 221
1.6689 -2.9141 1.2099 0 118 231 221
1.664 -2.9397 1.2162 0 118 231 221
1.6551 -2.9849 1.23 0 118 231 221
1.6537 -2.9912 1.2315 0 118 231 221
1.6471 -3.0239 1.2406 0 118 231 221
1.6283 -3.1189 1.2677 0 118 231 221
1.6265 -3.125 1.2695 0 118 231 221
1.6254 -3.1325 1.2715 0 118 231 221
2.2118 -2.935 1.3185 0 118 231 221
2.1785 -2.9289 1.3098 0 118 231 221
1.9627 -2.8887 1.2529 0 118 231 221
1.902 -2.8766 1.237 0 118 231 221
1.8845 -2.8734 1.2325 0 118 231 221
1.8728 -2.8713 1.2295 0 118 231 221
1.8665 -2.8697 1.2281 0 118 231 221
1.8556 -2.8686 1.2254 0 118 231 221
1.8494 -2.867 1.2242 0 118 231 221
1.8374 -2.8643 1.2208 0 118 231 221
1.8258 -2.8619 1.2173 0 118 231 221
1.8026 -2.857 1.2117 0 118 231 221
1.7968 -2.8559 1.2105 0 118 231 221
1.7801 -2.8531 1.2064 0 118 231 221
1.774 -2.8514 1.2043 0 118 231 221
1.7633 -2.8502 1.2022 0 118 231 221
1.7516 -2.847 1.1991 0 118 231 221
1.7294 -2.8429 1.1935 0 118 231 221
1.7128 -2.8397 1.1896 0 118 231 221
1.7069 -2.8381 1.1878 0 118 231 221
1.6679 -2.9209 1.2064 0 118 231 221
1.664 -2.9396 1.2113 0 118 231 221
1.6242 -3.1396 1.2685 0 118 231 221
2.1989 -2.933 1.3099 0 118 231 221
2.1191 -2.9173 1.2886 0 118 231 221
1.9326 -2.8831 1.2402 0 118 231 221
1.914 -2.879 1.2351 0 118 231 221
1.8961 -2.8756 1.2308 0 118 231 221
1.8902 -2.8745 1.2293 0 118 231 221
1.8843 -2.8731 1.2275 0 118 231 221
1.8665 -2.8698 1.2233 0 118 231 221
1.8549 -2.8675 1.2202 0 118 231 221
1.8489 -2.8663 1.2189 0 118 231 221
1.797 -2.8561 1.2056 0 118 231 221
1.7914 -2.8552 1.2044 0 118 231 221
1.7858 -2.8542 1.2027 0 118 231 221
1.7797 -2.8525 1.2014 0 118 231 221
1.7684 -2.8503 1.1987 0 118 231 221
1.7631 -2.8498 1.1973 0 118 231 221
1.7463 -2.8464 1.1928 0 118 231 221
1.7182 -2.8406 1.187 0 118 231 221
1.6679 -2.9209 1.2018 0 118 231 221
1.6603 -2.9591 1.2132 0 118 231 221
1.6498 -3.0109 1.2275 0 118 231 221
1.6486 -3.0178 1.2294 0 118 231 221
1.6157 -3.1821 1.2756 0 118 231 221
1.6071 -3.225 1.2877 0 118 231 221
1.594 -3.2915 1.3068 0 118 231 221
2.172 -2.9277 1.298 0 118 231 221
2.1061 -2.9148 1.2799 0 118 231 221
2.0246 -2.9008 1.2591 0 118 231 221
1.9322 -2.8826 1.2351 0 118 231 221
1.908 -2.8778 1.2288 0 118 231 221
1.8785 -2.8724 1.2219 0 118 231 221
1.8725 -2.8709 1.2197 0 118 231 221
1.8553 -2.868 1.2155 0 118 231 221
1.8489 -2.8662 1.2142 0 118 231 221
1.8431 -2.865 1.2121 0 118 231 221
1.8259 -2.862 1.2079 0 118 231 221
1.82 -2.8605 1.2066 0 118 231 221
1.8145 -2.8598 1.2053 0 118 231 221
1.8086 -2.8584 1.2051 0 118 231 221
1.8029 -2.8573 1.2022 0 118 231 221
1.7915 -2.8554 1.1997 0 118 231 221
1.7798 -2.8527 1.1967 0 118 231 221
1.774 -2.8514 1.1948 0 118 231 221
1.7685 -2.8504 1.194 0 118 231 221
1.7628 -2.8493 1.1924 0 118 231 221
1.7572 -2.8481 1.1921 0 118 231 221
1.7464 -2.8466 1.1881 0 118 231 221
1.7347 -2.8437 1.1853 0 118 231 221
1.7236 -2.8415 1.1826 0 118 231 221
1.669 -2.9142 1.1957 0 118 231 221
1.6433 -3.044 1.2319 0 118 231 221
1.6242 -3.1397 1.2585 0 118 231 221
1.6185 -3.1678 1.2662 0 118 231 221
2.2253 -2.9376 1.307 0 118 231 221
2.1853 -2.9304 1.2959 0 118 231 221
1.9384 -2.8839 1.2318 0 118 231 221
1.9022 -2.8769 1.2225 0 118 231 221
1.8783 -2.872 1.2168 0 118 231 221
1.8667 -2.87 1.2137 0 118 231 221
1.8608 -2.8688 1.2119 0 118 231 221
1.849 -2.8665 1.2094 0 118 231 221
1.8432 -2.8651 1.2074 0 118 231 221
1.8316 -2.8631 1.2049 0 118 231 221
1.8256 -2.8616 1.2029 0 118 231 221
1.8201 -2.8607 1.2018 0 118 231 221
1.8143 -2.8595 1.2003 0 118 231 221
1.8085 -2.8583 1.2004 0 118 231 221
1.7799 -2.8528 1.192 0 118 231 221
1.7743 -2.8519 1.1902 0 118 231 221
1.7686 -2.8506 1.1893 0 118 231 221
1.7631 -2.8497 1.1878 0 118 231 221
1.7517 -2.8471 1.1849 0 118 231 221
1.7462 -2.8462 1.1833 0 118 231 221
1.7347 -2.8437 1.1806 0 118 231 221
1.7236 -2.8415 1.178 0 118 231 221
1.7182 -2.8406 1.1776 0 118 231 221
1.6789 -2.8643 1.1766 0 118 231 221
1.6641 -2.9399 1.1971 0 118 231 221
1.6419 -3.0508 1.2289 0 118 231 221
1.6351 -3.0846 1.2382 0 118 231 221
1.6336 -3.0911 1.2399 0 118 231 221
1.5955 -3.2841 1.2947 0 118 231 221
1.594 -3.2915 1.2964 0 118 231 221
2.2056 -2.9343 1.2964 0 118 231 221
2.1922 -2.9318 1.2931 0 118 231 221
2.1786 -2.9291 1.2892 0 118 231 221
2.0932 -2.9123 1.2666 0 118 231 221
1.9689 -2.89 1.2346 0 118 231 221
1.9384 -2.8839 1.227 0 118 231 221
1.9324 -2.8828 1.2254 0 118 231 221
1.8846 -2.8736 1.2131 0 118 231 221
1.8668 -2.8701 1.2089 0 118 231 221
1.8607 -2.8686 1.207 0 118 231 221
1.8555 -2.8683 1.2061 0 118 231 221
1.8491 -2.8666 1.2047 0 118 231 221
1.8434 -2.8655 1.2027 0 118 231 221
1.8376 -2.8645 1.2017 0 118 231 221
1.8318 -2.8635 1.2002 0 118 231 221
1.8261 -2.8623 1.1984 0 118 231 221
1.8203 -2.861 1.1972 0 118 231 221
1.7974 -2.8568 1.1917 0 118 231 221
1.7913 -2.8551 1.1901 0 118 231 221
1.7857 -2.854 1.1883 0 118 231 221
1.7798 -2.8527 1.1872 0 118 231 221
1.7741 -2.8515 1.1853 0 118 231 221
1.7683 -2.8503 1.1844 0 118 231 221
1.763 -2.8496 1.183 0 118 231 221
1.7518 -2.8473 1.1804 0 118 231 221
1.7462 -2.8462 1.1785 0 118 231 221
1.7403 -2.8448 1.1774 0 118 231 221
1.7126 -2.8395 1.1707 0 118 231 221
1.6538 -2.9914 1.2074 0 118 231 221
1.6512 -3.0046 1.211 0 118 231 221
1.6364 -3.0777 1.2316 0 118 231 221
1.6187 -3.1681 1.2563 0 118 231 221
1.604 -3.2393 1.2762 0 118 231 221
2.2192 -2.9371 1.295 0 118 231 221
2.2123 -2.9358 1.2929 0 118 231 221
2.1852 -2.9303 1.2855 0 118 231 221
2.1783 -2.9287 1.2838 0 118 231 221
1.9505 -2.8863 1.2252 0 118 231 221
1.9262 -2.8815 1.2188 0 118 231 221
1.8848 -2.8739 1.2084 0 118 231 221
1.8727 -2.8712 1.2053 0 118 231 221
1.8607 -2.8686 1.2023 0 118 231 221
1.855 -2.8676 1.2009 0 118 231 221
1.8434 -2.8654 1.198 0 118 231 221
1.8373 -2.8641 1.1968 0 118 231 221
1.8317 -2.8632 1.1953 0 118 231 221
1.8203 -2.861 1.1924 0 118 231 221
1.8147 -2.8601 1.191 0 118 231 221
1.7969 -2.856 1.1866 0 118 231 221
1.7801 -2.8531 1.1826 0 118 231 221
1.7742 -2.8517 1.1806 0 118 231 221
1.7628 -2.8493 1.1781 0 118 231 221
1.7573 -2.8482 1.1779 0 118 231 221
1.7461 -2.8461 1.1738 0 118 231 221
1.7403 -2.8448 1.1728 0 118 231 221
1.7236 -2.8416 1.1687 0 118 231 221
1.7125 -2.8393 1.1661 0 118 231 221
1.6029 -3.2473 1.2742 0 118 231 221
1.6012 -3.2542 1.2756 0 118 231 221
2.226 -2.9385 1.2917 0 118 231 221
2.2056 -2.9343 1.286 0 118 231 221
2.1451 -2.9223 1.2702 0 118 231 221
1.9689 -2.89 1.2247 0 118 231 221
1.9505 -2.8863 1.2203 0 118 231 221
1.9384 -2.884 1.2172 0 118 231 221
1.9264 -2.8818 1.214 0 118 231 221
1.9146 -2.88 1.2111 0 118 231 221
1.8963 -2.8756 1.2064 0 118 231 221
1.8784 -2.8722 1.2024 0 118 231 221
1.8733 -2.8721 1.2008 0 118 231 221
1.8665 -2.8697 1.1991 0 118 231 221
1.8318 -2.8634 1.1906 0 118 231 221
1.7857 -2.8539 1.1788 0 118 231 221
1.7799 -2.8529 1.1778 0 118 231 221
1.7517 -2.8471 1.1709 0 118 231 221
1.7404 -2.845 1.1682 0 118 231 221
1.7348 -2.8438 1.1665 0 118 231 221
1.7292 -2.8427 1.1652 0 118 231 221
1.7183 -2.8408 1.1635 0 118 231 221
1.7072 -2.8386 1.1599 0 118 231 221
1.6087 -3.2182 1.2605 0 118 231 221
2.226 -2.9385 1.2865 0 118 231 221
2.1988 -2.933 1.2789 0 118 231 221
2.1919 -2.9314 1.2773 0 118 231 221
2.172 -2.9277 1.2721 0 118 231 221
1.9384 -2.884 1.2122 0 118 231 221
1.9264 -2.8818 1.2091 0 118 231 221
1.9083 -2.8783 1.2047 0 118 231 221
1.8966 -2.8761 1.2018 0 118 231 221
1.8783 -2.8721 1.1974 0 118 231 221
1.8666 -2.8699 1.1943 0 118 231 221
1.8608 -2.8689 1.1928 0 118 231 221
1.8551 -2.8677 1.1914 0 118 231 221
1.826 -2.862 1.184 0 118 231 221
1.8203 -2.861 1.1828 0 118 231 221
1.8085 -2.8583 1.1813 0 118 231 221
1.8033 -2.858 1.1788 0 118 231 221
1.7972 -2.8565 1.1773 0 118 231 221
1.7802 -2.8532 1.1732 0 118 231 221
1.7631 -2.8498 1.1689 0 118 231 221
1.6668 -2.9272 1.1746 0 118 231 221
2.2259 -2.9383 1.2813 0 118 231 221
2.2125 -2.9359 1.2774 0 118 231 221
2.1785 -2.9291 1.2686 0 118 231 221
2.025 -2.9013 1.2294 0 118 231 221
1.969 -2.89 1.2149 0 118 231 221
1.9263 -2.8816 1.2042 0 118 231 221
1.9202 -2.8805 1.2029 0 118 231 221
1.9142 -2.8793 1.201 0 118 231 221
1.9023 -2.877 1.1982 0 118 231 221
1.8964 -2.8759 1.1968 0 118 231 221
1.8902 -2.8745 1.1953 0 118 231 221
1.8786 -2.8725 1.1928 0 118 231 221
1.8728 -2.8713 1.1908 0 118 231 221
1.8669 -2.8704 1.1897 0 118 231 221
1.8609 -2.8689 1.1879 0 118 231 221
1.8553 -2.868 1.1867 0 118 231 221
1.8489 -2.8663 1.1853 0 118 231 221
1.844 -2.8663 1.1838 0 118 231 221
1.8375 -2.8643 1.1825 0 118 231 221
1.8259 -2.8618 1.1791 0 118 231 221
1.8085 -2.8583 1.1765 0 118 231 221
1.8038 -2.8589 1.1742 0 118 231 221
1.797 -2.8563 1.1725 0 118 231 221
1.7686 -2.8507 1.1658 0 118 231 221
1.7628 -2.8494 1.164 0 118 231 221
1.7573 -2.8482 1.1639 0 118 231 221
1.7237 -2.8417 1.1545 0 118 231 221
1.7074 -2.8389 1.1506 0 118 231 221
2.2256 -2.938 1.2759 0 118 231 221
2.1919 -2.9314 1.267 0 118 231 221
2.1651 -2.9264 1.2597 0 118 231 221
2.1521 -2.924 1.2564 0 118 231 221
2.1259 -2.9189 1.2497 0 118 231 221
2.0249 -2.9012 1.2244 0 118 231 221
2.0062 -2.8975 1.2196 0 118 231 221
1.9752 -2.8916 1.2119 0 118 231 221
1.9567 -2.8879 1.2072 0 118 231 221
1.9203 -2.8807 1.1981 0 118 231 221
1.9083 -2.8783 1.195 0 118 231 221
1.8964 -2.8758 1.192 0 118 231 221
1.8902 -2.8745 1.1905 0 118 231 221
1.8786 -2.8725 1.1879 0 118 231 221
1.8729 -2.8714 1.1862 0 118 231 221
1.867 -2.8706 1.1849 0 118 231 221
1.8437 -2.8659 1.1789 0 118 231 221
1.8373 -2.8641 1.1776 0 118 231 221
1.8317 -2.8633 1.1762 0 118 231 221
1.8262 -2.8623 1.1745 0 118 231 221
1.8143 -2.8595 1.1716 0 118 231 221
1.8085 -2.8584 1.1718 0 118 231 221
1.7857 -2.8539 1.1646 0 118 231 221
1.7685 -2.8506 1.1609 0 118 231 221
1.7632 -2.8499 1.1594 0 118 231 221
1.6742 -2.8896 1.1555 0 118 231 221
2.2052 -2.9338 1.2651 0 118 231 221
2.1919 -2.9315 1.262 0 118 231 221
1.963 -2.889 1.2037 0 118 231 221
1.9203 -2.8807 1.1932 0 118 231 221
1.9142 -2.8793 1.1913 0 118 231 221
1.8966 -2.8761 1.1873 0 118 231 221
1.8905 -2.8749 1.1858 0 118 231 221
1.8727 -2.8711 1.1811 0 118 231 221
1.8666 -2.8699 1.18 0 118 231 221
1.8608 -2.8688 1.1782 0 118 231 221
1.8551 -2.8678 1.177 0 118 231 221
1.849 -2.8664 1.1758 0 118 231 221
1.8433 -2.8653 1.1739 0 118 231 221
1.8378 -2.8648 1.1731 0 118 231 221
1.8317 -2.8632 1.1715 0 118 231 221
1.8259 -2.8619 1.1696 0 118 231 221
1.8203 -2.8611 1.1686 0 118 231 221
1.809 -2.8591 1.1673 0 118 231 221
1.7973 -2.8567 1.1632 0 118 231 221
1.7799 -2.8529 1.1589 0 118 231 221
1.7747 -2.8525 1.1573 0 118 231 221
1.7517 -2.8472 1.1521 0 118 231 221
2.199 -2.9332 1.2584 0 118 231 221
2.1923 -2.932 1.2569 0 118 231 221
1.9812 -2.8925 1.2032 0 118 231 221
1.9446 -2.8853 1.1941 0 118 231 221
1.9385 -2.8841 1.1928 0 118 231 221
1.9324 -2.8829 1.1912 0 118 231 221
1.9202 -2.8805 1.1883 0 118 231 221
1.9083 -2.8783 1.1853 0 118 231 221
1.9024 -2.8773 1.1838 0 118 231 221
1.8963 -2.8757 1.1822 0 118 231 221
1.8845 -2.8734 1.1793 0 118 231 221
1.8727 -2.8712 1.1765 0 118 231 221
1.8609 -2.869 1.1736 0 118 231 221
1.8551 -2.8677 1.1721 0 118 231 221
1.8494 -2.8671 1.1713 0 118 231 221
1.8323 -2.8641 1.167 0 118 231 221
1.8265 -2.8628 1.1652 0 118 231 221
1.8206 -2.8615 1.1639 0 118 231 221
1.8144 -2.8597 1.1623 0 118 231 221
1.8086 -2.8586 1.1623 0 118 231 221
1.7859 -2.8543 1.1553 0 118 231 221
1.7801 -2.8532 1.1542 0 118 231 221
1.7744 -2.8521 1.1524 0 118 231 221
1.7687 -2.8508 1.1516 0 118 231 221
1.7574 -2.8483 1.1498 0 118 231 221
1.7518 -2.8473 1.1473 0 118 231 221
1.7348 -2.8439 1.1431 0 118 231 221
1.6729 -2.8956 1.1472 0 118 231 221
1.6705 -2.9082 1.1508 0 118 231 221
1.6654 -2.9336 1.1584 0 118 231 221
1.6615 -2.9526 1.1628 0 118 231 221
1.6257 -3.1331 1.212 0 118 231 221
2.1985 -2.9326 1.2528 0 118 231 221
2.1853 -2.9304 1.2495 0 118 231 221
2.1721 -2.9279 1.2467 0 118 231 221
1.9385 -2.8841 1.1879 0 118 231 221
1.9143 -2.8794 1.1818 0 118 231 221
1.9083 -2.8783 1.1805 0 118 231 221
1.9023 -2.8771 1.1789 0 118 231 221
1.8965 -2.8759 1.1776 0 118 231 221
1.8905 -2.8749 1.1761 0 118 231 221
1.8846 -2.8735 1.1744 0 118 231 221
1.8785 -2.8724 1.1734 0 118 231 221
1.8608 -2.8689 1.1686 0 118 231 221
1.8552 -2.8678 1.1674 0 118 231 221
1.8491 -2.8666 1.1663 0 118 231 221
1.8437 -2.8659 1.1646 0 118 231 221
1.8375 -2.8644 1.1634 0 118 231 221
1.832 -2.8636 1.1621 0 118 231 221
1.8204 -2.8612 1.1591 0 118 231 221
1.809 -2.8591 1.1578 0 118 231 221
1.8032 -2.8579 1.155 0 118 231 221
1.7973 -2.8566 1.1536 0 118 231 221
1.7912 -2.855 1.1521 0 118 231 221
1.7858 -2.854 1.1504 0 118 231 221
1.7802 -2.8533 1.1496 0 118 231 221
1.7744 -2.8519 1.1477 0 118 231 221
1.7293 -2.8429 1.1372 0 118 231 221
1.7187 -2.8414 1.1358 0 118 231 221
2.2122 -2.9356 1.2515 0 118 231 221
2.1924 -2.9321 1.2467 0 118 231 221
2.1855 -2.9305 1.2445 0 118 231 221
2.0248 -2.9011 1.2045 0 118 231 221
1.969 -2.8901 1.1904 0 118 231 221
1.9082 -2.8781 1.1755 0 118 231 221
1.9025 -2.8774 1.1742 0 118 231 221
1.8906 -2.8751 1.1715 0 118 231 221
1.8785 -2.8724 1.1687 0 118 231 221
1.8726 -2.8711 1.1668 0 118 231 221
1.8671 -2.8707 1.1658 0 118 231 221
1.8608 -2.8688 1.1639 0 118 231 221
1.8556 -2.8686 1.1629 0 118 231 221
1.8494 -2.867 1.1616 0 118 231 221
1.8437 -2.8659 1.1598 0 118 231 221
1.8316 -2.8631 1.157 0 118 231 221
1.826 -2.862 1.1553 0 118 231 221
1.8205 -2.8613 1.1544 0 118 231 221
1.8029 -2.8574 1.1499 0 118 231 221
1.7975 -2.8571 1.1491 0 118 231 221
1.7915 -2.8555 1.1475 0 118 231 221
1.7799 -2.8528 1.1447 0 118 231 221
1.7744 -2.852 1.143 0 118 231 221
1.724 -2.8423 1.1315 0 118 231 221
2.2258 -2.9382 1.2502 0 118 231 221
2.2193 -2.9373 1.2486 0 118 231 221
2.2124 -2.9358 1.2464 0 118 231 221
2.2056 -2.9343 1.2447 0 118 231 221
2.063 -2.9087 1.2088 0 118 231 221
1.9937 -2.8952 1.1921 0 118 231 221
1.9814 -2.8928 1.1886 0 118 231 221
1.9572 -2.8885 1.183 0 118 231 221
1.933 -2.8838 1.177 0 118 231 221
1.9269 -2.8825 1.1753 0 118 231 221
1.9204 -2.8807 1.1738 0 118 231 221
1.9143 -2.8795 1.1721 0 118 231 221
1.9083 -2.8783 1.1708 0 118 231 221
1.9026 -2.8775 1.1694 0 118 231 221
1.8907 -2.8753 1.1666 0 118 231 221
1.8848 -2.8739 1.1649 0 118 231 221
1.8787 -2.8727 1.1639 0 118 231 221
1.8609 -2.869 1.1591 0 118 231 221
1.8551 -2.8678 1.1578 0 118 231 221
1.8492 -2.8667 1.1568 0 118 231 221
1.8436 -2.8658 1.155 0 118 231 221
1.8374 -2.8642 1.1538 0 118 231 221
1.8317 -2.8631 1.1523 0 118 231 221
1.8205 -2.8614 1.1496 0 118 231 221
1.8147 -2.8602 1.1482 0 118 231 221
1.8087 -2.8587 1.1482 0 118 231 221
1.7971 -2.8564 1.1441 0 118 231 221
1.7915 -2.8554 1.1428 0 118 231 221
1.786 -2.8545 1.1412 0 118 231 221
1.7686 -2.8507 1.1375 0 118 231 221
1.687 -2.8372 1.1188 0 118 231 221
1.6603 -2.9592 1.151 0 118 231 221
1.6592 -2.9659 1.1529 0 118 231 221
2.2257 -2.9381 1.245 0 118 231 221
2.2193 -2.9374 1.2435 0 118 231 221
2.2057 -2.9345 1.2398 0 118 231 221
2.1456 -2.9229 1.2247 0 118 231 221
2.0063 -2.8977 1.19 0 118 231 221
1.963 -2.889 1.1794 0 118 231 221
1.9566 -2.8877 1.1778 0 118 231 221
1.9386 -2.8843 1.1734 0 118 231 221
1.9267 -2.8822 1.1704 0 118 231 221
1.9084 -2.8784 1.166 0 118 231 221
1.891 -2.8756 1.1621 0 118 231 221
1.8846 -2.8736 1.1601 0 118 231 221
1.8729 -2.8715 1.1573 0 118 231 221
1.8609 -2.8691 1.1544 0 118 231 221
1.849 -2.8665 1.1519 0 118 231 221
1.8434 -2.8654 1.1499 0 118 231 221
1.8377 -2.8647 1.1492 0 118 231 221
1.8322 -2.8638 1.1478 0 118 231 221
1.8201 -2.8608 1.1446 0 118 231 221
1.8145 -2.8598 1.1433 0 118 231 221
1.8092 -2.8594 1.1437 0 118 231 221
1.8029 -2.8575 1.1405 0 118 231 221
1.7974 -2.8569 1.1396 0 118 231 221
1.7859 -2.8542 1.1364 0 118 231 221
1.78 -2.853 1.1354 0 118 231 221
1.7693 -2.8517 1.1332 0 118 231 221
1.7575 -2.8486 1.1311 0 118 231 221
1.7518 -2.8473 1.1287 0 118 231 221
1.713 -2.8401 1.1198 0 118 231 221
1.6681 -2.9212 1.1356 0 118 231 221
1.6668 -2.9272 1.1368 0 118 231 221
1.6605 -2.9594 1.1464 0 118 231 221
1.6487 -3.018 1.1617 0 118 231 221
2.2258 -2.9382 1.2399 0 118 231 221
2.1992 -2.9335 1.2328 0 118 231 221
1.9877 -2.8943 1.1802 0 118 231 221
1.9568 -2.888 1.173 0 118 231 221
1.9447 -2.8855 1.1698 0 118 231 221
1.9264 -2.8818 1.1653 0 118 231 221
1.8905 -2.8749 1.1568 0 118 231 221
1.8729 -2.8715 1.1524 0 118 231 221
1.867 -2.8705 1.1514 0 118 231 221
1.8611 -2.8693 1.1498 0 118 231 221
1.8377 -2.8646 1.1444 0 118 231 221
1.8206 -2.8616 1.1402 0 118 231 221
1.8148 -2.8604 1.1388 0 118 231 221
1.8089 -2.859 1.1388 0 118 231 221
1.7971 -2.8565 1.1347 0 118 231 221
1.7913 -2.8552 1.1333 0 118 231 221
1.763 -2.8497 1.1265 0 118 231 221
1.6618 -2.9531 1.1393 0 118 231 221
1.6603 -2.9592 1.1416 0 118 231 221
2.2261 -2.9386 1.2349 0 118 231 221
2.206 -2.9349 1.2297 0 118 231 221
2.1858 -2.9309 1.2243 0 118 231 221
2.1723 -2.9281 1.2212 0 118 231 221
2.0186 -2.9 1.183 0 118 231 221
2.0126 -2.8992 1.1818 0 118 231 221
1.9751 -2.8915 1.1727 0 118 231 221
1.9692 -2.8905 1.1709 0 118 231 221
1.9512 -2.8873 1.1669 0 118 231 221
1.9447 -2.8855 1.1649 0 118 231 221
1.9325 -2.883 1.1621 0 118 231 221
1.9203 -2.8807 1.1593 0 118 231 221
1.9024 -2.8772 1.1549 0 118 231 221
1.8966 -2.8762 1.1535 0 118 231 221
1.8847 -2.8738 1.1505 0 118 231 221
1.8789 -2.873 1.1497 0 118 231 221
1.8728 -2.8714 1.1477 0 118 231 221
1.8667 -2.8701 1.1463 0 118 231 221
1.8437 -2.8659 1.1408 0 118 231 221
1.8318 -2.8632 1.1381 0 118 231 221
1.8203 -2.861 1.1353 0 118 231 221
1.8146 -2.86 1.1339 0 118 231 221
1.8089 -2.8589 1.134 0 118 231 221
1.7686 -2.8507 1.1235 0 118 231 221
1.7349 -2.8441 1.1152 0 118 231 221
1.7073 -2.8387 1.1088 0 118 231 221
1.674 -2.8892 1.118 0 118 231 221
1.5569 -3.4901 1.2794 0 118 231 221
2.199 -2.9332 1.2224 0 118 231 221
2.0125 -2.899 1.1769 0 118 231 221
1.963 -2.8891 1.1647 0 118 231 221
1.9387 -2.8844 1.1589 0 118 231 221
1.9084 -2.8784 1.1515 0 118 231 221
1.8968 -2.8765 1.1488 0 118 231 221
1.8787 -2.8727 1.1447 0 118 231 221
1.8731 -2.8717 1.1429 0 118 231 221
1.8608 -2.8689 1.14 0 118 231 221
1.8318 -2.8632 1.1333 0 118 231 221
1.8265 -2.8629 1.1319 0 118 231 221
1.8146 -2.86 1.1292 0 118 231 221
1.8032 -2.8578 1.1266 0 118 231 221
1.7971 -2.8565 1.1252 0 118 231 221
1.7859 -2.8543 1.1223 0 118 231 221
1.7629 -2.8496 1.1171 0 118 231 221
1.7575 -2.8486 1.1171 0 118 231 221
1.6818 -2.8529 1.1039 0 118 231 221
1.6274 -3.1364 1.1786 0 118 231 221
2.219 -2.9369 1.2227 0 118 231 221
2.1195 -2.9178 1.1977 0 118 231 221
2.0001 -2.8965 1.1686 0 118 231 221
1.9567 -2.8879 1.1584 0 118 231 221
1.9388 -2.8846 1.1541 0 118 231 221
1.9327 -2.8833 1.1526 0 118 231 221
1.9267 -2.8822 1.151 0 118 231 221
1.9206 -2.8811 1.1498 0 118 231 221
1.9083 -2.8783 1.1467 0 118 231 221
1.8788 -2.8728 1.1401 0 118 231 221
1.8611 -2.8691 1.1354 0 118 231 221
1.8554 -2.8682 1.1341 0 118 231 221
1.8436 -2.8657 1.131 0 118 231 221
1.8378 -2.8647 1.1302 0 118 231 221
1.832 -2.8636 1.1287 0 118 231 221
1.8087 -2.8587 1.1245 0 118 231 221
1.8031 -2.8578 1.1217 0 118 231 221
1.7575 -2.8485 1.1124 0 118 231 221
1.9939 -2.8955 1.1628 0 118 231 221
1.9453 -2.8863 1.1507 0 118 231 221
1.9386 -2.8843 1.1492 0 118 231 221
1.9325 -2.8831 1.1477 0 118 231 221
1.9204 -2.8808 1.1449 0 118 231 221
1.9144 -2.8797 1.1432 0 118 231 221
1.9083 -2.8783 1.1418 0 118 231 221
1.8966 -2.8762 1.1391 0 118 231 221
1.8908 -2.8754 1.138 0 118 231 221
1.8847 -2.8737 1.1361 0 118 231 221
1.8614 -2.8695 1.1308 0 118 231 221
1.8552 -2.868 1.1292 0 118 231 221
1.832 -2.8635 1.1241 0 118 231 221
1.8262 -2.8623 1.1222 0 118 231 221
1.8204 -2.8611 1.1212 0 118 231 221
1.8144 -2.8598 1.1197 0 118 231 221
1.8088 -2.8589 1.1199 0 118 231 221
1.8032 -2.858 1.1172 0 118 231 221
1.7915 -2.8555 1.1147 0 118 231 221
1.7803 -2.8536 1.1121 0 118 231 221
1.7691 -2.8515 1.1097 0 118 231 221
1.7634 -2.8502 1.108 0 118 231 221
1.7576 -2.8488 1.1078 0 118 231 221
1.7018 -2.8376 1.0939 0 118 231 221
1.6655 -2.9338 1.116 0 118 231 221
2.2125 -2.9361 1.2105 0 118 231 221
2.1324 -2.9204 1.1907 0 118 231 221
2.0125 -2.899 1.1621 0 118 231 221
1.9755 -2.8921 1.1534 0 118 231 221
1.957 -2.8882 1.1488 0 118 231 221
1.9509 -2.8868 1.1473 0 118 231 221
1.9448 -2.8857 1.1456 0 118 231 221
1.9205 -2.8809 1.1401 0 118 231 221
1.9147 -2.8801 1.1384 0 118 231 221
1.9084 -2.8784 1.1371 0 118 231 221
1.9025 -2.8773 1.1357 0 118 231 221
1.8667 -2.8701 1.1274 0 118 231 221
1.8614 -2.8696 1.126 0 118 231 221
1.8553 -2.8681 1.1245 0 118 231 221
1.8493 -2.8668 1.1235 0 118 231 221
1.8378 -2.8647 1.1207 0 118 231 221
1.8319 -2.8634 1.1192 0 118 231 221
1.8262 -2.8624 1.1175 0 118 231 221
1.8203 -2.8611 1.1164 0 118 231 221
1.8148 -2.8604 1.1152 0 118 231 221
1.7973 -2.8567 1.1112 0 118 231 221
1.7631 -2.8497 1.1032 0 118 231 221
1.752 -2.8476 1.1008 0 118 231 221
1.6604 -2.9592 1.118 0 118 231 221
1.6591 -2.9658 1.1196 0 118 231 221
1.6514 -3.0049 1.1294 0 118 231 221
2.0312 -2.9026 1.1615 0 118 231 221
1.9692 -2.8904 1.1465 0 118 231 221
1.9508 -2.8868 1.1424 0 118 231 221
1.9329 -2.8836 1.1382 0 118 231 221
1.9266 -2.8821 1.1364 0 118 231 221
1.9025 -2.8773 1.1308 0 118 231 221
1.8909 -2.8755 1.1284 0 118 231 221
1.8847 -2.8737 1.1266 0 118 231 221
1.8676 -2.8714 1.1231 0 118 231 221
1.861 -2.869 1.121 0 118 231 221
1.8496 -2.8673 1.1189 0 118 231 221
1.8436 -2.8658 1.1169 0 118 231 221
1.8381 -2.8652 1.1163 0 118 231 221
1.8261 -2.8623 1.1128 0 118 231 221
1.7974 -2.8569 1.1066 0 118 231 221
1.7916 -2.8556 1.1053 0 118 231 221
1.7744 -2.852 1.1008 0 118 231 221
1.752 -2.8476 1.0961 0 118 231 221
2.1991 -2.9334 1.197 0 118 231 221
2.1925 -2.9322 1.1958 0 118 231 221
1.9448 -2.8856 1.136 0 118 231 221
1.9267 -2.8821 1.1317 0 118 231 221
1.9084 -2.8784 1.1275 0 118 231 221
1.9024 -2.8773 1.1261 0 118 231 221
1.8728 -2.8714 1.119 0 118 231 221
1.8612 -2.8693 1.1164 0 118 231 221
1.8146 -2.86 1.1056 0 118 231 221
1.7974 -2.8568 1.102 0 118 231 221
1.994 -2.8956 1.1432 0 118 231 221
1.9881 -2.8948 1.1414 0 118 231 221
1.9752 -2.8917 1.1386 0 118 231 221
1.9205 -2.881 1.1257 0 118 231 221
1.8788 -2.8729 1.1162 0 118 231 221
1.873 -2.8716 1.1144 0 118 231 221
1.8556 -2.8685 1.1104 0 118 231 221
1.8493 -2.8669 1.1092 0 118 231 221
1.8435 -2.8656 1.1074 0 118 231 221
1.832 -2.8635 1.1052 0 118 231 221
1.8262 -2.8624 1.1034 0 118 231 221
1.8203 -2.8611 1.1024 0 118 231 221
1.8147 -2.8602 1.101 0 118 231 221
1.8091 -2.8594 1.1012 0 118 231 221
1.7975 -2.857 1.0973 0 118 231 221
1.7859 -2.8543 1.0942 0 118 231 221
2.0633 -2.9091 1.1543 0 118 231 221
2.0187 -2.9002 1.1438 0 118 231 221
1.9937 -2.8953 1.1383 0 118 231 221
1.9508 -2.8868 1.1279 0 118 231 221
1.9265 -2.882 1.122 0 118 231 221
1.8905 -2.8749 1.1137 0 118 231 221
1.8848 -2.8739 1.1123 0 118 231 221
1.8611 -2.8691 1.1068 0 118 231 221
1.8556 -2.8685 1.1057 0 118 231 221
1.8379 -2.8648 1.1018 0 118 231 221
1.8321 -2.8636 1.1005 0 118 231 221
1.8262 -2.8624 1.0987 0 118 231 221
1.8145 -2.8599 1.0962 0 118 231 221
1.7972 -2.8565 1.0925 0 118 231 221
1.7859 -2.8543 1.0895 0 118 231 221
1.7465 -2.8468 1.0807 0 118 231 221
2.0003 -2.8967 1.1344 0 118 231 221
1.9569 -2.8881 1.1246 0 118 231 221
1.9389 -2.8848 1.1204 0 118 231 221
1.933 -2.8837 1.119 0 118 231 221
1.9267 -2.8822 1.1172 0 118 231 221
1.9146 -2.8799 1.1145 0 118 231 221
1.8967 -2.8763 1.1104 0 118 231 221
1.8849 -2.8741 1.1076 0 118 231 221
1.8788 -2.8727 1.1067 0 118 231 221
1.8729 -2.8715 1.1048 0 118 231 221
1.8669 -2.8704 1.1037 0 118 231 221
1.8553 -2.868 1.1008 0 118 231 221
1.8496 -2.8674 1.1 0 118 231 221
1.8262 -2.8623 1.0939 0 118 231 221
1.809 -2.8591 1.0917 0 118 231 221
1.8033 -2.858 1.089 0 118 231 221
1.7973 -2.8568 1.0878 0 118 231 221
1.7746 -2.8524 1.0822 0 118 231 221
1.7406 -2.8454 1.0752 0 118 231 221
2.1459 -2.9233 1.1644 0 118 231 221
2.0191 -2.9007 1.1342 0 118 231 221
1.9511 -2.8871 1.1183 0 118 231 221
1.9269 -2.8825 1.1125 0 118 231 221
1.9149 -2.8804 1.1098 0 118 231 221
1.9027 -2.8776 1.1071 0 118 231 221
1.8968 -2.8765 1.1057 0 118 231 221
1.8905 -2.875 1.1043 0 118 231 221
1.8789 -2.8727 1.1019 0 118 231 221
1.8614 -2.8695 1.0975 0 118 231 221
1.8555 -2.8685 1.0962 0 118 231 221
1.8262 -2.8624 1.0892 0 118 231 221
1.8204 -2.8613 1.0882 0 118 231 221
1.8149 -2.8605 1.087 0 118 231 221
1.8032 -2.858 1.0843 0 118 231 221
1.7915 -2.8554 1.0817 0 118 231 221
1.7862 -2.8547 1.0803 0 118 231 221
2.2265 -2.9391 1.1787 0 118 231 221
2.0314 -2.9028 1.132 0 118 231 221
2.0003 -2.8967 1.1247 0 118 231 221
1.9571 -2.8885 1.1151 0 118 231 221
1.9448 -2.8857 1.1118 0 118 231 221
1.9148 -2.8802 1.105 0 118 231 221
1.9085 -2.8786 1.1036 0 118 231 221
1.8908 -2.8754 1.0997 0 118 231 221
1.8614 -2.8697 1.0928 0 118 231 221
1.8555 -2.8683 1.0914 0 118 231 221
1.8494 -2.867 1.0904 0 118 231 221
1.8438 -2.866 1.0887 0 118 231 221
1.8262 -2.8624 1.0847 0 118 231 221
1.809 -2.8592 1.0824 0 118 231 221
1.7801 -2.8532 1.0746 0 118 231 221
1.7746 -2.8524 1.073 0 118 231 221
1.7689 -2.8511 1.0723 0 118 231 221
1.6581 -2.9728 1.0873 0 118 231 221
2.0635 -2.9094 1.1348 0 118 231 221
2.0317 -2.9033 1.1273 0 118 231 221
2.0129 -2.8996 1.1231 0 118 231 221
1.9877 -2.8943 1.1169 0 118 231 221
1.957 -2.8883 1.1101 0 118 231 221
1.951 -2.8871 1.1087 0 118 231 221
1.8853 -2.8746 1.0935 0 118 231 221
1.8495 -2.8673 1.0859 0 118 231 221
1.832 -2.8635 1.0816 0 118 231 221
1.8262 -2.8624 1.0798 0 118 231 221
1.8204 -2.8612 1.0787 0 118 231 221
1.8032 -2.8578 1.0749 0 118 231 221
1.7973 -2.8567 1.0738 0 118 231 221
1.7747 -2.8526 1.0685 0 118 231 221
1.6656 -2.934 1.0741 0 118 231 221
2.0252 -2.9017 1.1211 0 118 231 221
1.9695 -2.8909 1.1079 0 118 231 221
1.9569 -2.8882 1.1053 0 118 231 221
1.9205 -2.881 1.097 0 118 231 221
1.9146 -2.88 1.0953 0 118 231 221
1.909 -2.8794 1.0944 0 118 231 221
1.9028 -2.8779 1.0928 0 118 231 221
1.8967 -2.8763 1.0913 0 118 231 221
1.8851 -2.8743 1.0887 0 118 231 221
1.8732 -2.8719 1.086 0 118 231 221
1.8675 -2.8712 1.085 0 118 231 221
1.8612 -2.8693 1.0832 0 118 231 221
1.8497 -2.8675 1.0811 0 118 231 221
1.8381 -2.8652 1.0784 0 118 231 221
1.8151 -2.8608 1.0731 0 118 231 221
2.0127 -2.8993 1.1134 0 118 231 221
2.0068 -2.8983 1.1119 0 118 231 221
1.9821 -2.8939 1.1061 0 118 231 221
1.9754 -2.8919 1.1048 0 118 231 221
1.9637 -2.8901 1.1021 0 118 231 221
1.9456 -2.8869 1.0979 0 118 231 221
1.927 -2.8826 1.0934 0 118 231 221
1.9205 -2.881 1.0921 0 118 231 221
1.9088 -2.8791 1.0894 0 118 231 221
1.9025 -2.8775 1.0879 0 118 231 221
1.8968 -2.8764 1.0866 0 118 231 221
1.8907 -2.8752 1.0854 0 118 231 221
1.8731 -2.8718 1.0812 0 118 231 221
1.867 -2.8706 1.0801 0 118 231 221
1.8613 -2.8694 1.0785 0 118 231 221
1.8553 -2.8682 1.0772 0 118 231 221
1.8496 -2.8673 1.0764 0 118 231 221
1.8441 -2.8666 1.0747 0 118 231 221
1.8379 -2.8649 1.0736 0 118 231 221
1.8323 -2.864 1.0724 0 118 231 221
1.7916 -2.8557 1.0633 0 118 231 221
1.7861 -2.8546 1.0616 0 118 231 221
1.7521 -2.8479 1.0545 0 118 231 221
1.6744 -2.8898 1.0533 0 118 231 221
2.2263 -2.9389 1.1582 0 118 231 221
2.213 -2.9366 1.1547 0 118 231 221
2.0315 -2.9029 1.1124 0 118 231 221
1.9755 -2.892 1.0999 0 118 231 221
1.945 -2.8859 1.0926 0 118 231 221
1.9145 -2.8799 1.0857 0 118 231 221
1.9028 -2.8778 1.0833 0 118 231 221
1.873 -2.8717 1.0764 0 118 231 221
1.8557 -2.8688 1.0728 0 118 231 221
1.8494 -2.867 1.0715 0 118 231 221
1.838 -2.865 1.069 0 118 231 221
1.8206 -2.8615 1.0649 0 118 231 221
1.8147 -2.8603 1.0635 0 118 231 221
1.7921 -2.8564 1.0589 0 118 231 221
1.7861 -2.8546 1.0571 0 118 231 221
1.7577 -2.8489 1.0521 0 118 231 221
1.9634 -2.8897 1.0923 0 118 231 221
1.957 -2.8883 1.0908 0 118 231 221
1.9389 -2.8848 1.0867 0 118 231 221
1.9206 -2.8811 1.0826 0 118 231 221
1.9148 -2.8803 1.0811 0 118 231 221
1.9088 -2.879 1.0799 0 118 231 221
1.903 -2.8782 1.0787 0 118 231 221
1.8972 -2.877 1.0774 0 118 231 221
1.8791 -2.8732 1.0736 0 118 231 221
1.8731 -2.8718 1.0717 0 118 231 221
1.8671 -2.8706 1.0706 0 118 231 221
1.8613 -2.8694 1.0691 0 118 231 221
1.8555 -2.8684 1.0679 0 118 231 221
1.8497 -2.8676 1.0671 0 118 231 221
1.8437 -2.8659 1.0651 0 118 231 221
1.8378 -2.8647 1.0641 0 118 231 221
1.8323 -2.864 1.063 0 118 231 221
1.8207 -2.8617 1.0603 0 118 231 221
1.7801 -2.8533 1.0515 0 118 231 221
1.7688 -2.8511 1.0491 0 118 231 221
2.0698 -2.9105 1.1122 0 118 231 221
2.0637 -2.9097 1.1101 0 118 231 221
1.9877 -2.8943 1.0927 0 118 231 221
1.9817 -2.8933 1.0915 0 118 231 221
1.9754 -2.8919 1.0902 0 118 231 221
1.957 -2.8883 1.0861 0 118 231 221
1.9513 -2.8875 1.0849 0 118 231 221
1.9206 -2.8811 1.0779 0 118 231 221
1.9146 -2.8799 1.0762 0 118 231 221
1.897 -2.8767 1.0726 0 118 231 221
1.885 -2.8743 1.0697 0 118 231 221
1.867 -2.8705 1.0659 0 118 231 221
1.8496 -2.8673 1.0623 0 118 231 221
1.8438 -2.866 1.0604 0 118 231 221
1.8378 -2.8647 1.0595 0 118 231 221
1.8323 -2.8641 1.0583 0 118 231 221
1.8264 -2.8626 1.0566 0 118 231 221
1.8205 -2.8613 1.0555 0 118 231 221
1.809 -2.8592 1.0543 0 118 231 221
1.7021 -2.838 1.0299 0 118 231 221
1.6329 -3.0991 1.0908 0 118 231 221
2.213 -2.9367 1.1397 0 118 231 221
2.0575 -2.9087 1.1043 0 118 231 221
2.019 -2.9006 1.0951 0 118 231 221
1.9696 -2.891 1.0839 0 118 231 221
1.9575 -2.889 1.0814 0 118 231 221
1.939 -2.8849 1.0772 0 118 231 221
1.9329 -2.8836 1.0758 0 118 231 221
1.9209 -2.8815 1.0732 0 118 231 221
1.9149 -2.8805 1.0717 0 118 231 221
1.8971 -2.8769 1.0678 0 118 231 221
1.8795 -2.8737 1.0643 0 118 231 221
1.8614 -2.8696 1.0597 0 118 231 221
1.8496 -2.8673 1.0576 0 118 231 221
1.8264 -2.8627 1.0518 0 118 231 221
1.8034 -2.8583 1.0471 0 118 231 221
1.6805 -2.8587 1.0284 0 118 231 221
1.5762 -3.3839 1.1566 0 118 231 221
2.1997 -2.9341 1.1314 0 118 231 221
2.0891 -2.9144 1.1063 0 118 231 221
2.0699 -2.9107 1.1024 0 118 231 221
2.0316 -2.9031 1.0929 0 118 231 221
2.0128 -2.8994 1.0889 0 118 231 221
2.007 -2.8987 1.0879 0 118 231 221
1.994 -2.8956 1.085 0 118 231 221
1.9452 -2.8863 1.0737 0 118 231 221
1.9271 -2.8828 1.0697 0 118 231 221
1.9147 -2.8802 1.0668 0 118 231 221
1.885 -2.8743 1.0602 0 118 231 221
1.879 -2.873 1.0593 0 118 231 221
1.8732 -2.872 1.0576 0 118 231 221
1.8673 -2.8707 1.0565 0 118 231 221
1.8382 -2.8652 1.0504 0 118 231 221
1.8207 -2.8617 1.0463 0 118 231 221
1.8091 -2.8594 1.0452 0 118 231 221
1.6542 -2.9922 1.0553 0 118 231 221
2.0067 -2.8982 1.0827 0 118 231 221
1.9634 -2.8897 1.073 0 118 231 221
1.9268 -2.8824 1.0647 0 118 231 221
1.9146 -2.88 1.062 0 118 231 221
1.8908 -2.8754 1.057 0 118 231 221
1.8733 -2.8721 1.0531 0 118 231 221
1.8496 -2.8674 1.0483 0 118 231 221
1.8381 -2.8652 1.0457 0 118 231 221
1.8322 -2.8639 1.0442 0 118 231 221
1.8262 -2.8625 1.0424 0 118 231 221
1.8206 -2.8615 1.0416 0 118 231 221
1.8147 -2.8603 1.0403 0 118 231 221
1.809 -2.8592 1.0404 0 118 231 221
1.7521 -2.8479 1.027 0 118 231 221
1.6582 -2.9729 1.0451 0 118 231 221
2.019 -2.9007 1.0806 0 118 231 221
1.9633 -2.8896 1.0683 0 118 231 221
1.9087 -2.8788 1.0561 0 118 231 221
1.9027 -2.8777 1.0547 0 118 231 221
1.885 -2.8742 1.0508 0 118 231 221
1.8732 -2.8719 1.0482 0 118 231 221
1.8674 -2.8709 1.0472 0 118 231 221
1.8558 -2.8689 1.0446 0 118 231 221
1.8209 -2.862 1.0371 0 118 231 221
1.7977 -2.8574 1.0322 0 118 231 221
1.7076 -2.8393 1.0127 0 118 231 221
2.2131 -2.9368 1.1195 0 118 231 221
2.0067 -2.8983 1.0732 0 118 231 221
1.9268 -2.8824 1.0551 0 118 231 221
1.8613 -2.8695 1.0409 0 118 231 221
1.8555 -2.8684 1.0396 0 118 231 221
1.8497 -2.8675 1.0389 0 118 231 221
1.8207 -2.8617 1.0323 0 118 231 221
1.5976 -3.2884 1.1134 0 118 231 221
1.5961 -3.2957 1.1146 0 118 231 221
2.1794 -2.9302 1.1068 0 118 231 221
2.0069 -2.8986 1.0685 0 118 231 221
2.0006 -2.8973 1.0667 0 118 231 221
1.9942 -2.8959 1.0658 0 118 231 221
1.9695 -2.8909 1.0599 0 118 231 221
1.9571 -2.8884 1.0574 0 118 231 221
1.927 -2.8826 1.0506 0 118 231 221
1.9027 -2.8777 1.0453 0 118 231 221
1.8909 -2.8756 1.0429 0 118 231 221
1.8322 -2.8639 1.0302 0 118 231 221
2.0957 -2.9158 1.0834 0 118 231 221
2.0699 -2.9107 1.0779 0 118 231 221
1.9941 -2.8959 1.061 0 118 231 221
1.9696 -2.891 1.0551 0 118 231 221
1.9269 -2.8825 1.0456 0 118 231 221
1.9209 -2.8815 1.0446 0 118 231 221
1.8971 -2.8769 1.0394 0 118 231 221
1.8734 -2.8723 1.0342 0 118 231 221
1.8495 -2.8673 1.0295 0 118 231 221
1.6647 -2.941 1.019 0 118 231 221
1.602 -3.2662 1.0978 0 118 231 221
2.0132 -2.9 1.0601 0 118 231 221
1.9756 -2.8922 1.0519 0 118 231 221
1.9572 -2.8886 1.0479 0 118 231 221
1.891 -2.8758 1.0335 0 118 231 221
2.0765 -2.9123 1.0691 0 118 231 221
2.038 -2.9045 1.061 0 118 231 221
1.9942 -2.896 1.0514 0 118 231 221
1.9818 -2.8934 1.0482 0 118 231 221
1.9756 -2.8922 1.0471 0 118 231 221
1.9701 -2.8917 1.0458 0 118 231 221
1.8557 -2.8687 1.021 0 118 231 221
1.8208 -2.8619 1.0138 0 118 231 221
1.6785 -2.8718 0.995 0 118 231 221
1.662 -2.9535 1.013 0 118 231 221
2.038 -2.9045 1.0562 0 118 231 221
2.0009 -2.8976 1.0475 0 118 231 221
1.9818 -2.8934 1.0434 0 118 231 221
1.9756 -2.8922 1.0423 0 118 231 221
1.9696 -2.891 1.0407 0 118 231 221
1.8908 -2.8754 1.0241 0 118 231 221
1.8498 -2.8677 1.0156 0 118 231 221
1.6759 -2.8842 0.9931 0 118 231 221
1.5949 -3.3038 1.092 0 118 231 221
1.5636 -3.447 1.1274 0 118 231 221
1.9881 -2.8948 1.0399 0 118 231 221
1.9761 -2.8929 1.0377 0 118 231 221
1.9574 -2.889 1.0337 0 118 231 221
1.9513 -2.8875 1.0323 0 118 231 221
1.897 -2.8768 1.0205 0 118 231 221
1.8851 -2.8745 1.0179 0 118 231 221
1.8496 -2.8675 1.0109 0 118 231 221
1.8265 -2.8629 1.0054 0 118 231 221
1.7921 -2.8564 0.9987 0 118 231 221
1.769 -2.8514 0.9941 0 118 231 221
1.758 -2.8494 0.9927 0 118 231 221
1.6808 -2.8592 0.9831 0 118 231 221
2.051 -2.9073 1.0492 0 118 231 221
1.976 -2.8928 1.0331 0 118 231 221
1.915 -2.8806 1.0195 0 118 231 221
1.8556 -2.8687 1.0071 0 118 231 221
1.8381 -2.8652 1.0037 0 118 231 221
1.8265 -2.8628 1.0008 0 118 231 221
1.7979 -2.8577 0.9954 0 118 231 221
1.6547 -3.002 1.0114 0 118 231 221
2.0959 -2.9161 1.0541 0 118 231 221
2.0636 -2.9096 1.0466 0 118 231 221
2.0255 -2.9022 1.0387 0 118 231 221
1.964 -2.8906 1.0256 0 118 231 221
1.9207 -2.8814 1.0163 0 118 231 221
1.891 -2.8757 1.01 0 118 231 221
1.8497 -2.8675 1.0016 0 118 231 221
1.8439 -2.8663 0.9998 0 118 231 221
1.8209 -2.862 0.9953 0 118 231 221
1.815 -2.8607 0.9939 0 118 231 221
2.1092 -2.9192 1.052 0 118 231 221
2.0068 -2.8984 1.0298 0 118 231 221
1.9091 -2.8794 1.0091 0 118 231 221
1.8855 -2.875 1.0041 0 118 231 221
1.8673 -2.8709 1.0003 0 118 231 221
1.8498 -2.8677 0.997 0 118 231 221
1.7919 -2.8561 0.9848 0 118 231 221
1.7804 -2.8537 0.9824 0 118 231 221
1.7298 -2.8438 0.972 0 118 231 221
1.9881 -2.8948 1.0208 0 118 231 221
1.9697 -2.8911 1.0169 0 118 231 221
1.6007 -3.2738 1.0598 0 118 231 221
2.1864 -2.9318 1.0583 0 118 231 221
2.083 -2.9135 1.0363 0 118 231 221
1.9759 -2.8927 1.0139 0 118 231 221
1.9149 -2.8805 1.0006 0 118 231 221
1.897 -2.8768 0.9971 0 118 231 221
1.8675 -2.8711 0.9911 0 118 231 221
1.8323 -2.8641 0.9838 0 118 231 221
2.1795 -2.9304 1.052 0 118 231 221
2.0895 -2.9149 1.0329 0 118 231 221
2.0131 -2.8999 1.0168 0 118 231 221
1.9208 -2.8815 0.9975 0 118 231 221
1.8912 -2.8759 0.9913 0 118 231 221
1.8792 -2.8734 0.989 0 118 231 221
1.8093 -2.8597 0.9759 0 118 231 221
1.6334 -3.1094 1.012 0 118 231 221
2.109 -2.9188 1.0323 0 118 231 221
2.0447 -2.9061 1.0185 0 118 231 221
2.0256 -2.9023 1.0146 0 118 231 221
1.7133 -2.8407 0.9509 0 118 231 221
1.6899 -2.8338 0.9453 0 118 231 221
2.0256 -2.9023 1.0099 0 118 231 221
1.9757 -2.8924 0.9995 0 118 231 221
1.8617 -2.8701 0.9758 0 118 231 221
1.8442 -2.8667 0.9722 0 118 231 221
1.8383 -2.8654 0.9713 0 118 231 221
1.7863 -2.855 0.9604 0 118 231 221
1.8852 -2.8746 0.9759 0 118 231 221
1.8675 -2.8712 0.9724 0 118 231 221
1.6759 -2.8842 0.9433 0 118 231 221
1.6722 -2.903 0.9476 0 118 231 221
1.6416 -3.0688 0.9841 0 118 231 221
1.5949 -3.3037 1.0368 0 118 231 221
2.0382 -2.9048 0.9984 0 118 231 221
1.7805 -2.8539 0.946 0 118 231 221
1.6403 -3.0757 0.9807 0 118 231 221
1.5903 -3.3262 1.037 0 118 231 221
2.1091 -2.9189 1.0079 0 118 231 221
1.9392 -2.8853 0.973 0 118 231 221
1.8913 -2.8759 0.9634 0 118 231 221
1.6533 -2.9995 0.9548 0 118 231 221
1.6417 -3.069 0.97 0 118 231 221
2.2205 -2.9388 1.0213 0 118 231 221
2.0072 -2.899 0.9773 0 118 231 221
1.8498 -2.8677 0.946 0 118 231 221
1.8266 -2.8631 0.9409 0 118 231 221
1.8152 -2.861 0.9389 0 118 231 221
1.9334 -2.8844 0.9577 0 118 231 221
2.1935 -2.9335 1.0057 0 118 231 221
2.2271 -2.94 1.0077 0 118 231 221
1.8794 -2.8737 0.9381 0 118 231 221
1.5655 -3.4513 1.0362 0 118 231 221
1.8267 -2.8633 0.9226 0 118 231 221
1.8796 -2.874 0.9289 0 118 231 221
2.0577 -2.909 0.9589 0 118 231 221
2.0578 -2.9092 0.9543 0 118 231 221
1.6638 -2.9479 0.9024 0 118 231 221
2.2066 -2.9357 0.9736 0 118 231 221
2.207 -2.9362 0.9688 0 118 231 221
1.6799 -2.866 0.8757 0 118 231 221
1.6052 -3.2418 0.9539 0 118 231 221
1.589 -3.3235 0.9715 0 118 231 221
1.8369 -2.8633 0.8925 0 118 231 221
1.67 -2.9158 0.882 0 118 231 221
1.6675 -2.9285 0.8837 0 118 231 221
1.6469 -3.0326 0.9063 0 118 231 221
1.6182 -3.1772 0.9358 0 118 231 221
2.2272 -2.9402 0.9631 0 118 231 221
2.2 -2.9347 0.9574 0 118 231 221
2.1734 -2.9298 0.9525 0 118 231 221
1.6306 -3.1139 0.9182 0 118 231 221
2.2205 -2.9388 0.9568 0 118 231 221
2.2068 -2.936 0.954 0 118 231 221
2.1601 -2.9271 0.945 0 118 231 221
1.74 -2.8442 0.8658 0 118 231 221
1.611 -3.2128 0.9336 0 118 231 221
1.5479 -3.5298 1.002 0 118 231 221
1.6249 -3.1411 0.9138 0 118 231 221
1.6193 -3.1691 0.9196 0 118 231 221
1.6111 -3.2129 0.929 0 118 231 221
1.6024 -3.2567 0.9377 0 118 231 221
1.6007 -3.2636 0.9393 0 118 231 221
2.2273 -2.9403 0.9484 0 118 231 221
2.2136 -2.9373 0.9453 0 118 231 221
2.1734 -2.9297 0.9378 0 118 231 221
1.8502 -2.8683 0.8774 0 118 231 221
1.6748 -2.8905 0.8585 0 118 231 221
1.6348 -3.0935 0.8997 0 118 231 221
1.6294 -3.1208 0.9052 0 118 231 221
1.6265 -3.1344 0.908 0 118 231 221
1.6209 -3.1625 0.9137 0 118 231 221
1.6195 -3.1696 0.9148 0 118 231 221
1.6097 -3.2201 0.9253 0 118 231 221
1.6008 -3.2637 0.9344 0 118 231 221
1.5705 -3.4166 0.9665 0 118 231 221
2.2275 -2.9406 0.9435 0 118 231 221
2.1937 -2.9338 0.9369 0 118 231 221
1.6677 -2.929 0.8612 0 118 231 221
1.6638 -2.9478 0.866 0 118 231 221
1.6548 -2.9932 0.8748 0 118 231 221
1.6267 -3.1348 0.9034 0 118 231 221
1.6197 -3.1701 0.9103 0 118 231 221
2.1935 -2.9337 0.9319 0 118 231 221
1.6572 -2.98 0.8675 0 118 231 221
1.6363 -3.0869 0.8891 0 118 231 221
1.6292 -3.1204 0.8957 0 118 231 221
1.6251 -3.1415 0.8999 0 118 231 221
1.5706 -3.4168 0.9565 0 118 231 221
2.2275 -2.9405 0.9336 0 118 231 221
2.2208 -2.9392 0.9323 0 118 231 221
2.214 -2.9378 0.9306 0 118 231 221
2.2073 -2.9366 0.9296 0 118 231 221
1.6039 -3.2493 0.9173 0 118 231 221
2.2073 -2.9366 0.9247 0 118 231 221
2.2005 -2.9353 0.9232 0 118 231 221
2.1467 -2.9245 0.9134 0 118 231 221
1.7029 -2.8394 0.8329 0 118 231 221
1.6726 -2.9036 0.8442 0 118 231 221
1.6702 -2.9163 0.8461 0 118 231 221
1.6295 -3.1211 0.8865 0 118 231 221
1.614 -3.1984 0.9019 0 118 231 221
1.5981 -3.2789 0.9181 0 118 231 221
2.214 -2.9379 0.9208 0 118 231 221
2.2072 -2.9365 0.9199 0 118 231 221
1.6784 -2.8717 0.8331 0 118 231 221
1.669 -2.9227 0.8423 0 118 231 221
1.6588 -2.974 0.8519 0 118 231 221
1.628 -3.1278 0.8831 0 118 231 221
1.6225 -3.1558 0.8883 0 118 231 221
1.6167 -3.1842 0.8943 0 118 231 221
1.611 -3.2128 0.9001 0 118 231 221
1.5611 -3.4644 0.9507 0 118 231 221
2.227 -2.9399 0.9187 0 118 231 221
2.2208 -2.9391 0.9176 0 118 231 221
2.214 -2.9379 0.916 0 118 231 221
2.1011 -2.9157 0.895 0 118 231 221
1.6788 -2.8723 0.829 0 118 231 221
1.6703 -2.9163 0.8372 0 118 231 221
1.6575 -2.9806 0.8496 0 118 231 221
1.6508 -3.0128 0.8559 0 118 231 221
1.6483 -3.026 0.8581 0 118 231 221
1.6431 -3.0531 0.8639 0 118 231 221
1.6239 -3.1488 0.8825 0 118 231 221
1.6125 -3.2055 0.8936 0 118 231 221
1.6098 -3.2203 0.8966 0 118 231 221
1.58 -3.3698 0.9266 0 118 231 221
1.5722 -3.4087 0.9344 0 118 231 221
2.2272 -2.9402 0.9138 0 118 231 221
2.2209 -2.9394 0.9127 0 118 231 221
2.2141 -2.938 0.911 0 118 231 221
2.167 -2.9288 0.9022 0 118 231 221
1.6651 -2.9417 0.8366 0 118 231 221
1.6388 -3.073 0.8629 0 118 231 221
1.6322 -3.1072 0.8695 0 118 231 221
1.6309 -3.1144 0.8714 0 118 231 221
1.6279 -3.1275 0.8737 0 118 231 221
1.6069 -3.235 0.8948 0 118 231 221
1.5875 -3.3312 0.9139 0 118 231 221
1.5861 -3.3393 0.9157 0 118 231 221
1.5814 -3.3617 0.9202 0 118 231 221
2.2277 -2.9408 0.9092 0 118 231 221
2.2209 -2.9393 0.9079 0 118 231 221
2.2003 -2.9351 0.9035 0 118 231 221
2.0882 -2.9131 0.8828 0 118 231 221
1.6484 -3.0264 0.849 0 118 231 221
1.635 -3.0938 0.8623 0 118 231 221
1.6308 -3.1143 0.8667 0 118 231 221
1.6253 -3.1419 0.8716 0 118 231 221
1.6239 -3.1489 0.8731 0 118 231 221
1.6198 -3.1702 0.8771 0 118 231 221
1.6169 -3.1846 0.88 0 118 231 221
1.6112 -3.2132 0.8858 0 118 231 221
2.2277 -2.9408 0.9041 0 118 231 221
2.2003 -2.9351 0.8987 0 118 231 221
2.1871 -2.9327 0.8962 0 118 231 221
1.95 -2.8856 0.8533 0 118 231 221
1.6688 -2.9223 0.8243 0 118 231 221
1.6588 -2.974 0.8337 0 118 231 221
1.6523 -3.0067 0.8409 0 118 231 221
1.6417 -3.0598 0.8512 0 118 231 221
1.6403 -3.0665 0.8526 0 118 231 221
1.6376 -3.0798 0.8553 0 118 231 221
1.6337 -3.1006 0.859 0 118 231 221
1.6282 -3.1281 0.8645 0 118 231 221
1.6198 -3.1702 0.8723 0 118 231 221
1.6053 -3.242 0.8862 0 118 231 221
1.5996 -3.2716 0.8924 0 118 231 221
1.5844 -3.3462 0.907 0 118 231 221
1.5831 -3.3545 0.9088 0 118 231 221
1.5816 -3.3621 0.9104 0 118 231 221
2.2274 -2.9404 0.8992 0 118 231 221
2.2074 -2.9368 0.8953 0 118 231 221
2.2006 -2.9354 0.8938 0 118 231 221
2.1272 -2.9208 0.8805 0 118 231 221
1.9746 -2.8906 0.853 0 118 231 221
1.7793 -2.8519 0.8191 0 118 231 221
1.6741 -2.8977 0.8148 0 118 231 221
1.6471 -3.0329 0.8418 0 118 231 221
1.6322 -3.1072 0.8556 0 118 231 221
1.6195 -3.1695 0.8674 0 118 231 221
1.6126 -3.2056 0.8745 0 118 231 221
1.6097 -3.2201 0.8773 0 118 231 221
1.6083 -3.2274 0.8787 0 118 231 221
1.5966 -3.2866 0.8907 0 118 231 221
1.5921 -3.3087 0.895 0 118 231 221
2.2278 -2.9409 0.8945 0 118 231 221
2.1801 -2.9312 0.8854 0 118 231 221
2.1077 -2.9171 0.8722 0 118 231 221
2.0434 -2.9043 0.8605 0 118 231 221
1.7139 -2.8415 0.8041 0 118 231 221
1.6563 -2.9872 0.8283 0 118 231 221
1.6391 -3.0736 0.8445 0 118 231 221
1.636 -3.0865 0.847 0 118 231 221
1.6309 -3.1145 0.8527 0 118 231 221
1.6225 -3.1559 0.8601 0 118 231 221
1.6184 -3.1776 0.8644 0 118 231 221
1.6153 -3.1911 0.8668 0 118 231 221
1.6055 -3.2424 0.8767 0 118 231 221
1.5784 -3.3776 0.9035 0 118 231 221
2.2277 -2.9408 0.8895 0 118 231 221
2.2142 -2.9381 0.8867 0 118 231 221
2.1802 -2.9314 0.8806 0 118 231 221
2.1207 -2.9196 0.8697 0 118 231 221
1.6678 -2.9291 0.8118 0 118 231 221
1.665 -2.9416 0.8141 0 118 231 221
1.6588 -2.974 0.8203 0 118 231 221
1.6573 -2.9802 0.8222 0 118 231 221
1.6309 -3.1145 0.848 0 118 231 221
1.6267 -3.135 0.8516 0 118 231 221
1.6183 -3.1774 0.8596 0 118 231 221
1.6039 -3.2495 0.874 0 118 231 221
1.589 -3.3235 0.8878 0 118 231 221
2.2277 -2.9408 0.8846 0 118 231 221
2.2142 -2.9382 0.8818 0 118 231 221
2.2006 -2.9354 0.8793 0 118 231 221
1.9502 -2.8859 0.8348 0 118 231 221
1.6628 -2.9547 0.8126 0 118 231 221
1.6377 -3.08 0.8368 0 118 231 221
1.6323 -3.1074 0.8415 0 118 231 221
1.6296 -3.1213 0.8443 0 118 231 221
1.6255 -3.1422 0.8482 0 118 231 221
1.5907 -3.3166 0.8816 0 118 231 221
2.2139 -2.9377 0.8768 0 118 231 221
2.2075 -2.9369 0.8758 0 118 231 221
1.6677 -2.9289 0.8028 0 118 231 221
1.6615 -2.9611 0.8099 0 118 231 221
1.651 -3.0132 0.8195 0 118 231 221
1.6253 -3.1419 0.8434 0 118 231 221
1.617 -3.1847 0.8517 0 118 231 221
1.6026 -3.2571 0.8652 0 118 231 221
1.5905 -3.3162 0.8768 0 118 231 221
1.5893 -3.3241 0.8782 0 118 231 221
1.5832 -3.3547 0.8842 0 118 231 221
1.5815 -3.3619 0.8857 0 118 231 221
2.2209 -2.9394 0.8736 0 118 231 221
2.2143 -2.9383 0.8721 0 118 231 221
2.1469 -2.9248 0.8603 0 118 231 221
1.6405 -3.0669 0.825 0 118 231 221
1.635 -3.094 0.8298 0 118 231 221
1.6283 -3.1283 0.8364 0 118 231 221
1.6128 -3.206 0.8507 0 118 231 221
1.6113 -3.2135 0.8524 0 118 231 221
1.5861 -3.3392 0.8764 0 118 231 221
1.5832 -3.3546 0.8792 0 118 231 221
2.2278 -2.9409 0.87 0 118 231 221
2.2138 -2.9377 0.867 0 118 231 221
2.2071 -2.9364 0.8661 0 118 231 221
2.1936 -2.9337 0.8638 0 118 231 221
2.1873 -2.933 0.8623 0 118 231 221
2.1736 -2.93 0.8602 0 118 231 221
2.1668 -2.9285 0.8587 0 118 231 221
2.1539 -2.9264 0.8566 0 118 231 221
2.147 -2.9249 0.8555 0 118 231 221
1.6254 -3.1421 0.834 0 118 231 221
1.6141 -3.1987 0.8447 0 118 231 221
1.6082 -3.2272 0.8499 0 118 231 221
1.5994 -3.2713 0.8585 0 118 231 221
1.5952 -3.2939 0.8625 0 118 231 221
1.5923 -3.309 0.8658 0 118 231 221
1.5859 -3.3388 0.8715 0 118 231 221
1.5816 -3.3622 0.8759 0 118 231 221
2.2142 -2.9382 0.8623 0 118 231 221
2.193 -2.933 0.8586 0 118 231 221
2.1873 -2.933 0.8574 0 118 231 221
2.1402 -2.9234 0.8493 0 118 231 221
2.1274 -2.921 0.8471 0 118 231 221
2.1208 -2.9197 0.8459 0 118 231 221
1.655 -2.9938 0.8021 0 118 231 221
1.6083 -3.2274 0.8452 0 118 231 221
1.6055 -3.2424 0.848 0 118 231 221
1.6041 -3.2499 0.8499 0 118 231 221
2.2211 -2.9396 0.859 0 118 231 221
2.194 -2.9343 0.8542 0 118 231 221
2.1672 -2.929 0.8491 0 118 231 221
1.9624 -2.8884 0.8138 0 118 231 221
1.7627 -2.849 0.7805 0 118 231 221
1.6524 -3.0069 0.7999 0 118 231 221
1.6085 -3.2277 0.8406 0 118 231 221
1.5877 -3.3316 0.8601 0 118 231 221
1.5816 -3.3623 0.8661 0 118 231 221
1.5786 -3.3779 0.8689 0 118 231 221
2.2277 -2.9408 0.8553 0 118 231 221
2.2143 -2.9382 0.8526 0 118 231 221
2.2003 -2.935 0.85 0 118 231 221
2.1874 -2.9331 0.8477 0 118 231 221
2.1738 -2.9303 0.8458 0 118 231 221
2.167 -2.9288 0.8442 0 118 231 221
2.1603 -2.9274 0.8434 0 118 231 221
2.114 -2.918 0.8353 0 118 231 221
1.6404 -3.0667 0.8065 0 118 231 221
1.628 -3.1279 0.8176 0 118 231 221
1.6253 -3.142 0.82 0 118 231 221
1.5922 -3.3089 0.8511 0 118 231 221
2.2276 -2.9407 0.8504 0 118 231 221
2.2212 -2.9398 0.8493 0 118 231 221
2.1669 -2.9287 0.8394 0 118 231 221
2.1339 -2.9225 0.8337 0 118 231 221
2.127 -2.9206 0.8324 0 118 231 221
2.1209 -2.9199 0.8315 0 118 231 221
1.8257 -2.8616 0.7816 0 118 231 221
1.6296 -3.1213 0.8117 0 118 231 221
1.6254 -3.1421 0.8153 0 118 231 221
1.6198 -3.1702 0.8204 0 118 231 221
1.6171 -3.1847 0.8233 0 118 231 221
1.5892 -3.324 0.8489 0 118 231 221
1.5863 -3.3397 0.8521 0 118 231 221
1.5786 -3.3778 0.859 0 118 231 221
2.2278 -2.9411 0.8456 0 118 231 221
2.221 -2.9395 0.8443 0 118 231 221
2.2137 -2.9375 0.8426 0 118 231 221
2.1406 -2.9239 0.8302 0 118 231 221
1.6433 -3.0533 0.7949 0 118 231 221
1.6143 -3.1991 0.8212 0 118 231 221
1.6083 -3.2275 0.8262 0 118 231 221
1.6026 -3.2571 0.8317 0 118 231 221
1.6012 -3.2647 0.8332 0 118 231 221
1.5938 -3.3017 0.8401 0 118 231 221
1.5908 -3.3168 0.8427 0 118 231 221
1.5754 -3.3935 0.8571 0 118 231 221
2.214 -2.9379 0.8379 0 118 231 221
2.2077 -2.9372 0.8371 0 118 231 221
2.2007 -2.9356 0.8356 0 118 231 221
2.1672 -2.9291 0.8299 0 118 231 221
2.1539 -2.9264 0.8277 0 118 231 221
1.9383 -2.8839 0.7914 0 118 231 221
2.2209 -2.9394 0.8346 0 118 231 221
2.2142 -2.9382 0.8331 0 118 231 221
2.2076 -2.937 0.8322 0 118 231 221
2.2009 -2.9358 0.8308 0 118 231 221
2.194 -2.9344 0.83 0 118 231 221
2.1806 -2.9317 0.8276 0 118 231 221
2.1736 -2.9301 0.8265 0 118 231 221
2.1607 -2.9279 0.8243 0 118 231 221
1.9996 -2.8958 0.7966 0 118 231 221
1.7795 -2.8522 0.7612 0 118 231 221
1.6324 -3.1077 0.7952 0 118 231 221
1.6228 -3.1565 0.8038 0 118 231 221
1.62 -3.1705 0.8063 0 118 231 221
1.6143 -3.1991 0.8118 0 118 231 221
1.5995 -3.2716 0.8249 0 118 231 221
2.201 -2.9359 0.826 0 118 231 221
2.1806 -2.9318 0.8228 0 118 231 221
2.1539 -2.9264 0.8181 0 118 231 221
1.9749 -2.8911 0.7883 0 118 231 221
1.8548 -2.8674 0.7686 0 118 231 221
1.6323 -3.1073 0.7905 0 118 231 221
1.6214 -3.1635 0.8007 0 118 231 221
1.604 -3.2496 0.8164 0 118 231 221
2.2275 -2.9407 0.826 0 118 231 221
2.2144 -2.9385 0.8234 0 118 231 221
2.2075 -2.937 0.8225 0 118 231 221
2.2009 -2.9358 0.8211 0 118 231 221
2.1471 -2.925 0.8124 0 118 231 221
2.0121 -2.8984 0.7896 0 118 231 221
1.92 -2.8801 0.7746 0 118 231 221
1.7911 -2.8547 0.7542 0 118 231 221
1.746 -2.846 0.7467 0 118 231 221
1.642 -3.0603 0.7777 0 118 231 221
1.631 -3.1147 0.7877 0 118 231 221
1.6013 -3.2647 0.814 0 118 231 221
1.5879 -3.3321 0.8262 0 118 231 221
2.2277 -2.9409 0.8212 0 118 231 221
2.2067 -2.9359 0.8173 0 118 231 221
2.1807 -2.9319 0.8132 0 118 231 221
2.1673 -2.9291 0.8106 0 118 231 221
1.6128 -3.2061 0.7986 0 118 231 221
1.5984 -3.2794 0.8118 0 118 231 221
2.2278 -2.941 0.8163 0 118 231 221
2.2213 -2.9399 0.8153 0 118 231 221
2.2142 -2.9382 0.8137 0 118 231 221
2.1538 -2.9263 0.8037 0 118 231 221
1.8196 -2.86 0.7494 0 118 231 221
1.6337 -3.1005 0.7755 0 118 231 221
1.6158 -3.1921 0.7914 0 118 231 221
2.2279 -2.9411 0.8115 0 118 231 221
2.2144 -2.9384 0.8089 0 118 231 221
2.1943 -2.9347 0.8059 0 118 231 221
2.154 -2.9266 0.799 0 118 231 221
1.8904 -2.8746 0.7564 0 118 231 221
1.8667 -2.8699 0.7526 0 118 231 221
1.7798 -2.8527 0.7392 0 118 231 221
1.6539 -3.0007 0.754 0 118 231 221
1.6214 -3.1636 0.782 0 118 231 221
2.2281 -2.9414 0.8067 0 118 231 221
2.2211 -2.9396 0.8055 0 118 231 221
2.2146 -2.9387 0.8041 0 118 231 221
2.2075 -2.9369 0.8031 0 118 231 221
2.1803 -2.9313 0.7986 0 118 231 221
2.1405 -2.9238 0.7919 0 118 231 221
1.7912 -2.855 0.7365 0 118 231 221
1.7515 -2.8469 0.7304 0 118 231 221
2.2211 -2.9397 0.8007 0 118 231 221
2.2078 -2.9373 0.7984 0 118 231 221
2.1941 -2.9345 0.7962 0 118 231 221
2.1671 -2.929 0.7914 0 118 231 221
2.1606 -2.9278 0.7908 0 118 231 221
2.1541 -2.9267 0.7895 0 118 231 221
2.1405 -2.9238 0.7873 0 118 231 221
2.1081 -2.9177 0.7819 0 118 231 221
1.8428 -2.8646 0.7395 0 118 231 221
1.8374 -2.8641 0.7392 0 118 231 221
1.7968 -2.8561 0.7328 0 118 231 221
2.2213 -2.94 0.7959 0 118 231 221
2.1808 -2.9321 0.7892 0 118 231 221
2.0185 -2.8999 0.7627 0 118 231 221
1.8785 -2.8723 0.7412 0 118 231 221
1.7855 -2.8538 0.7263 0 118 231 221
2.2279 -2.9412 0.7921 0 118 231 221
2.2143 -2.9384 0.7895 0 118 231 221
2.2078 -2.9374 0.7887 0 118 231 221
2.194 -2.9343 0.7865 0 118 231 221
2.1605 -2.9277 0.7812 0 118 231 221
2.0062 -2.8976 0.7564 0 118 231 221
1.8488 -2.8663 0.7321 0 118 231 221
1.7684 -2.8505 0.7199 0 118 231 221
1.5955 -3.2946 0.7855 0 118 231 221
2.2282 -2.9415 0.7873 0 118 231 221
2.2213 -2.9399 0.7862 0 118 231 221
2.1943 -2.9347 0.7818 0 118 231 221
2.1472 -2.9252 0.7743 0 118 231 221
1.7913 -2.855 0.7188 0 118 231 221
1.7741 -2.8517 0.7158 0 118 231 221
1.7572 -2.8482 0.7146 0 118 231 221
2.2214 -2.94 0.7814 0 118 231 221
2.2145 -2.9386 0.7799 0 118 231 221
2.2078 -2.9374 0.7791 0 118 231 221
2.1807 -2.9319 0.7747 0 118 231 221
2.1739 -2.9304 0.7737 0 118 231 221
2.1607 -2.928 0.7718 0 118 231 221
1.9934 -2.8947 0.7453 0 118 231 221
1.8085 -2.8584 0.718 0 118 231 221
1.6116 -3.2139 0.7625 0 118 231 221
2.2214 -2.94 0.7765 0 118 231 221
2.2077 -2.9373 0.7742 0 118 231 221
2.2006 -2.9354 0.7728 0 118 231 221
2.1942 -2.9346 0.7722 0 118 231 221
2.1808 -2.9321 0.77 0 118 231 221
2.1673 -2.9293 0.7675 0 118 231 221
2.0694 -2.91 0.7525 0 118 231 221
1.7913 -2.8551 0.71 0 118 231 221
